speaker	recording	vowel	label	F0	F1	F2	include
B	01	0	u:	201.48440609867203	431.92914040440877	1007.282984065292	1
B	01	1	I	212.36891947540752	424.39223277325453	1812.6875192395228	1
B	01	2	A:	157.55719072980924	692.7616777437386	1027.0516412636707	1
B	01	3	a	121.01489042768782	627.3748545570396	1203.8093248689734	1
B	01	4	2:	118.0974314836052	687.0750688635741	1192.3065964360746	1
B	01	5	U	115.71729006006935	448.20453009423693	836.3914534687426	1
B	01	6	A:	176.12632635743853	578.0615262648556	997.2224995753322	1
B	01	7	a	201.71925071862074	540.4098070202448	1401.0597526343004	1
B	01	8	a	136.51277986141866	601.340764071075	1347.4854240912234	1
B	01	9	o:	150.91262950479486	726.6623045755356	1897.641588188053	1
B	02	0	Y	207.73484203667076	424.5549096748618	1673.8086860113804	1
B	02	1	a	210.46404349022583	681.4328231665755	1245.9079919291016	1
B	02	2	E	193.0102503148797	555.8655011374976	1338.1088005791116	1
B	02	3	I	132.32056013247632	324.12610434999556	1393.4416287128536	1
B	02	4	E	116.6389956219905	447.4484521322683	1372.3349690835116	1
B	02	5	A:	179.61740326731265	729.4469011452666	1540.4479897866563	1
B	02	6	I	198.6780663224953	455.02586431772136	1607.0917862339206	1
B	02	7	i:	200.6673197603124	433.8268959028929	1386.1748844398128	1
B	02	8	u:	130.33776200992006	420.904244924392	1172.632632060823	1
B	02	9	I	190.49605661820675	352.4554498365067	1994.9645353929232	1
B	02	10	A:	162.61605590513122	708.6917585378606	1002.2402146336111	1
B	02	11	a	181.04476492303948	642.162389288345	1057.34754019266	1
B	02	12	2:	156.94405825011958	634.114133903692	969.6283751579505	1
B	02	13	E	160.48766196404264	400.4080309629187	1214.2559980128813	1
B	02	14	U	158.61949889855507	375.32804880383037	1491.8701150084958	1
B	02	15	A:	175.91298886669162	561.0919761316208	882.3855802424624	1
B	02	16	a	194.71049660550239	578.3285028936515	1535.2417217211896	1
B	02	17	a	157.18425803398355	677.8473196915272	1201.1296090722672	1
B	02	18	o:	138.25062257196345	608.4494005049629	1107.3383240306327	1
B	02	19	O	179.91557331206417	527.6158502867303	770.5985700307369	1
B	02	20	I	203.81912746557526	380.2146275678199	1577.476244011023	1
B	02	21	@	134.79137304939042	486.02419480429666	1404.3146952201037	1
B	02	22	E:	136.15350878778523	707.9204033834948	1257.098311291446	1
B	02	23	@	138.6162099820676	523.0090755351187	1372.3867826370997	1
B	02	24	Y	183.42245392344932	357.9231274082042	1388.4747530884358	1
B	02	25	a	120.62342745152289	583.699794524153	1348.8526000600752	1
B	02	26	o:	135.77957508872385	491.20546573153734	1124.4980611227359	1
B	02	27	E	111.19923938698449	703.8253832043024	1283.37262277518	1
B	02	28	I	160.02846297716258	393.95985580981613	1469.745967586773	1
B	02	29	O	166.35992102079558	391.8691327246941	1192.2678616629014	1
B	02	30	A:	126.56935954496451	721.5378432730875	1508.458548447761	1
B	02	31	I	134.52693279270426	319.92957540701127	1973.934648868838	1
B	02	32	2:	164.69317554252552	449.235851330137	1234.6609663614458	1
B	02	33	I	213.6220343394793	559.4899244001206	1806.6160628056796	1
B	02	34	o:	162.4869177775283	557.9229389279748	1074.8123484497985	1
B	02	35	i:	155.0282958623218	447.30136192556307	1691.9942735490606	1
B	02	36	@	124.88066283100513	635.4385945551538	1507.1489745122976	1
B	02	37	i:	134.17950880304406	285.85739818294553	1399.1003394875124	1
B	02	38	u:	140.1713387047116	333.146731057016	1398.4265996563843	1
B	02	39	u:	114.88686515986555	599.5833085802037	1566.292281197493	1
B	02	40	e:	113.46109664040232	446.3402936025656	1843.0434667808206	1
B	02	41	a	55.6408520888489	538.2789159767856	1647.8473621600283	1
B	03	0	a	185.85448916668184	776.994189514798	1153.389844715272	1
B	03	1	A:	186.27699263556573	621.6497974235848	980.3774921523477	1
B	03	2	a	179.46262518014825	684.0248381660563	1254.773217585482	1
B	03	3	I	164.93911267767103	353.25701546079404	1514.7751185924628	1
B	03	4	I	165.0148208377984	434.10662218963836	1533.9145618268653	1
B	03	5	a	163.8077633527749	642.8189356498446	1295.0353109940377	1
B	03	6	o:	207.69820981073104	473.1098735264259	1063.8763610899457	1
B	03	7	O	184.9519689078967	449.7073338082568	813.6735894132974	1
B	03	8	A:	165.48074862734342	571.9312201370213	977.3404360454886	1
B	03	9	o:	123.61811830335301	398.70659928824466	895.0270064601091	1
B	03	10	@	125.97803087922662	636.2303072055692	1136.6868743684038	1
B	03	11	o:	131.25486660854227	632.1937634370217	1641.6557280288787	1
B	03	12	e:	203.46337583230977	455.17257781438127	1536.3978066061875	1
B	03	13	o:	195.2987205515748	476.5518606258895	1070.886833832707	1
B	03	14	E:	118.21160434830095	738.6653255954221	1283.9014773744602	1
B	03	15	@	124.68411315236764	487.52395291836393	1259.2769356179172	1
B	03	16	O	157.3814324728388	526.724360014779	1136.801501100162	1
B	03	17	I	176.06938333918106	381.4067575715681	1941.5538071380545	1
B	03	18	e:	151.63379796093992	514.0099082779888	1445.176025393014	1
B	03	19	a	124.46855760853332	734.9995972375003	1171.5676207846122	1
B	03	20	a	138.97649872827395	758.086805640133	1139.185209979716	1
B	03	21	Y	188.93101178198512	340.5952680393679	1852.1893895099981	1
B	03	22	@	183.41123240133098	778.7273049432168	2242.516375272038	0
B	03	23	I	128.74427378783074	656.7384308087978	1841.5348214204942	1
B	03	24	a	123.94410449249686	599.0237085257486	1132.7634568410106	1
B	03	25	@	150.12518542796897	610.1342307094199	1354.8412152539097	1
B	03	26	E	168.77361548800377	682.0374482169732	1541.9230148701367	1
B	03	27	a	166.54590899815142	749.9123323948053	1458.2573498744732	1
B	03	28	e:	137.82425116217405	403.9674704358081	1510.4978927818738	1
B	03	29	a	150.96958135033387	607.942762683159	1117.04901889151	1
B	03	30	O	210.922673598277	576.2102908869757	1327.3058252888204	1
B	03	31	I	143.13310726150647	456.62974769252827	1498.6424640358864	1
B	03	32	@	103.69879312775878	730.4932279832143	1488.342326917528	1
B	04	0	a	206.9964139174223	764.1084743640402	1215.2606728063504	1
B	04	1	@	189.70614221321011	604.4301893688411	1494.342490550332	1
B	04	2	E:	137.82682734695254	681.4044824594178	1401.2714152575338	1
B	04	3	a	163.95392340825043	612.9662577292224	1401.058228713316	1
B	04	4	e:	160.88169428799839	586.6168602896562	1535.4515701488688	1
B	04	5	a	129.80954541629256	759.2103006171893	1327.1940209650222	1
B	04	6	I	174.8641999502838	392.3164622413843	1573.4384423490892	1
B	04	7	E	141.44972513514813	609.6127239741059	1502.1140253372275	1
B	04	8	U	141.30404241202197	383.30688925857044	1219.368435925937	1
B	04	9	A:	211.3862160758421	458.9952678948138	903.0247628093517	1
B	04	10	a	201.0350951288385	640.3987363298015	1348.4934560463753	1
B	04	11	a	162.23650315724024	689.722839667292	1219.3241928533002	1
B	04	12	o:	108.72833744270338	433.3422837177717	937.4156142723135	1
B	04	13	e:	134.32185517974196	654.7148982576617	1406.3409530332895	1
B	04	14	E	145.5123520527047	479.9011963519208	1477.282868482545	1
B	04	15	u:	206.73002823414922	417.75108555009774	1074.2500199411265	1
B	04	16	a	183.21318215633568	753.5695486391203	1191.8309276987345	1
B	04	17	A:	114.24773595072149	500.6523372889131	890.878356370991	1
B	04	18	O	114.70134638797155	504.5321420450596	1263.48355571295	1
B	04	19	E	101.95789380871213	547.7152403237766	1028.1360822817626	1
B	04	20	E	133.88033904503618	458.15050376437466	1554.3188085642062	1
B	04	21	@	107.59031322357748	408.5042764263651	1336.317957485113	1
B	04	22	u:	131.43232223809105	385.18126263803845	2020.5008266589086	1
B	04	23	I	132.45720949450276	308.3088767031803	2092.8085030489033	1
B	05	0	a	190.5494077471357	749.4747120757099	1193.1771957430797	1
B	05	1	2	177.31496215769351	448.6066952697513	959.6410278962217	1
B	05	2	2	222.91145456617298	451.0404321401819	1362.9406254356622	1
B	05	3	@	206.54806490414302	652.036466262994	1262.0939367052335	1
B	05	4	u:	197.42893062259455	454.55127341571756	1091.2347923994964	1
B	05	5	u:	106.79763244012204	378.94568381193113	1335.6799961329407	1
B	05	6	e:	100.3178612144557	466.2004592242385	1732.5084473920335	1
B	05	7	a	120.67915430836204	687.8597765759608	1241.8833062354388	1
B	05	8	a	115.18640957791716	340.41479298163233	1538.5873297145074	1
B	05	9	e:	118.86409846890005	533.7384502835049	1547.1183077460792	1
B	05	10	a	128.33795357223903	739.934696053143	1304.2245926632113	1
B	05	11	@	232.55421991761298	447.8407450547443	1333.6483433251344	1
B	05	12	O	176.99296965606592	642.3819600729818	1057.3574581079995	1
B	05	13	a	160.00096984730428	834.8066694345413	1249.5799686756145	1
B	05	14	a	167.43425534552307	728.969658080475	1287.3936689562258	1
B	05	15	a	109.33123295275001	699.2057785489677	1138.7850512842674	1
B	05	16	O	148.34205336891446	425.6915042445196	801.5841820546681	1
B	05	17	O	141.93666453350826	365.6350968223573	750.5807953417167	1
B	05	18	a	152.06733721724532	638.6589721619891	1190.3734918081477	1
B	05	19	i:	182.60209400033912	341.45124572989744	1944.5823305113327	1
B	05	20	E	181.1484957459532	578.5247111478479	1564.2063265377242	1
B	05	21	E	195.09013291216897	402.4043429159914	1637.0368200859696	1
B	05	22	@	131.0904925193	692.0112152820896	1273.6920510082923	1
B	05	23	a	147.86498877771328	659.4530900961081	1086.0656610992567	1
B	05	24	u:	187.22310175936582	371.7057230316883	1056.7864039925435	1
B	05	25	a	177.05112319134975	654.117773584917	1188.652208935222	1
B	05	26	A:	149.91519336632314	568.5725932536876	787.9714685400115	1
B	05	27	O	147.92705792109822	531.0160718913995	914.1441319822661	1
B	05	28	a	170.82207367307507	645.7293252672877	1227.2071661779953	1
B	05	29	u:	161.26534127180076	378.1407338341222	957.5733566692908	1
B	05	30	@	112.47653109121163	656.8945727980926	1219.1296846648838	1
B	05	31	E:	154.05160129407952	670.8203380537219	1272.4281445503082	1
B	05	32	e:	149.8203743471107	399.3966158413784	1492.7590993190054	1
B	05	33	I	114.39787375104642	345.08847687813295	1403.979036296511	1
B	05	34	2:	109.43841166374385	445.960204354803	1391.1904073985343	1
B	06	0	}:	219.76450457271923	391.5114252027101	1729.87932281305	1
B	06	1	A:	145.02619997787698	618.1384387118204	1136.6789303195758	1
B	06	2	a	139.13180187801575	682.2002871106096	1202.0044087982226	1
B	06	3	e:	197.43083983279845	400.22784200309985	1475.427724725971	1
B	06	4	O	206.20482605354422	480.7995121670215	809.6258971148407	1
B	06	5	@	175.222621819585	531.9020374925585	1239.550096326938	1
B	06	6	E	134.41371936806482	813.1826398503455	1876.9694830752355	1
B	06	7	@	162.60318782058843	408.97241328104985	1234.8039808673916	1
B	06	8	a	112.39656872806283	622.2950576114163	1544.4010934694484	1
B	06	9	}:	147.17464165684123	413.5194850523918	1712.4370452934377	1
B	06	10	E	142.84841008087952	377.2525038230076	1602.5900161775069	1
B	06	11	A:	130.68126845823335	710.2282689601869	1328.2040913209942	1
B	06	12	E	172.29790495703963	600.502726795565	1298.7070185262019	1
B	06	13	@	110.20392778915351	1184.9647122024635	1591.0487047489537	1
B	06	14	a	112.15766029791152	731.8322015145088	1422.6129553125277	1
B	06	15	a	101.4074419845553	693.1220937554988	1289.9077236755272	1
B	06	16	a	115.59436905755796	618.9472522940826	1299.1261939077417	1
B	06	17	2:	156.45476153549154	493.1725645793217	1147.0081056740505	1
B	06	18	I	157.69643936872507	357.0888453848768	1806.2061126424271	1
B	06	19	I	160.32646600948183	346.71753102074723	1427.1314873930435	1
B	06	20	E	140.85360624072396	418.2043245087638	1507.4109311131301	1
B	06	21	I	218.06025839249185	432.42760748929095	1395.6102415728224	0
B	06	22	a	193.99196966271637	659.8884492630702	1271.406066766133	1
B	06	23	a	149.78547972881947	683.8120250474992	1373.0248272141457	1
B	06	24	u:	202.068468867059	415.5257211441335	1033.0223717518816	1
B	06	25	u:	157.66925049351855	498.98300014224793	1811.459086925532	1
B	06	26	e:	154.82783588208963	337.60660792301996	1621.7547900741345	1
B	06	27	a	160.78253732636338	683.7173309226256	1252.7529517706198	1
B	06	28	e:	174.62521535491763	359.0096723755439	1824.733013591122	1
B	06	29	O	139.28450773335135	611.4091165721923	982.3988567542242	1
B	06	30	i:	189.02157313755774	373.8985973971938	1837.039364451522	1
B	06	31	O	159.0177322492754	468.41650385909855	878.5368304567259	1
B	06	32	a	177.79744714185153	561.6909331173926	1474.8574742504034	1
B	06	33	a	143.15215293208513	736.3520266072911	1312.6889524330093	1
B	06	34	E:	188.4929270307159	436.94589239971623	1412.0306085741788	1
B	06	35	@	137.77794696366576	361.643540200464	1202.7827030059702	1
B	06	36	e:	131.2104290885082	420.7316718359926	1533.6111265277616	1
B	06	37	o:	115.10016933637547	460.17195279208835	909.8166552702886	1
B	06	38	@	148.63649874919972	588.0695075188927	1447.6074112068627	1
B	06	39	a	114.97064188442684	788.4067843207588	1657.9582827534125	1
B	06	40	i:	192.49121139109565	393.89502556273067	2028.0436511079147	1
B	06	41	A:	114.90014121464229	468.82358977709924	926.8792932179829	1
B	06	42	@	112.24865907825246	940.9344706062846	1858.070772122429	1
B	06	43	a	181.42446020207032	728.1920919775505	1224.5943311824858	1
B	06	44	a	115.12899822417343	524.9571785385978	1326.2599809108974	1
B	06	45	@	164.30267734367925	457.4368222630247	1456.6626717070496	1
B	06	46	2	196.49044267507847	432.6770467655768	1393.8959007972142	1
B	06	47	I	118.70578765289363	375.5159837408524	1703.7973875205319	1
B	06	48	a	121.17258377431878	538.5307705413904	1100.469217807212	1
B	06	49	o:	123.99988928983181	480.67841568076443	1013.704418447186	1
B	06	50	E:	94.27707043214559	706.8813789074178	1274.1315458697952	1
B	06	51	@	162.60146584299565	566.8690898116297	1238.1727716041446	1
B	06	52	a	--undefined--	597.3492270727214	1135.7480719902949	0
B	06	53	u:	126.81438018664807	390.45213078205467	1190.2618723769351	1
B	06	54	u:	192.25632499665244	445.89192223350403	964.0284196087284	1
B	06	55	u:	--undefined--	805.0618824752943	1841.30092412532	0
B	06	56	e:	103.23426709811625	575.6495081899483	1676.1195139787721	1
B	06	57	a	99.76647166307114	494.74249593528776	2073.922679686786	1
B	07	0	a	181.25135889248247	706.0096107834669	1214.5370976216948	1
B	07	1	I	194.02839807942047	389.58257259240713	1889.4496894076951	1
B	07	2	a	225.26201688491867	565.1431530763726	1326.5099438394368	1
B	07	3	u	218.91957738783705	538.2484463275356	1059.0439644473356	1
B	07	4	I	216.2109820905794	400.8132354547889	1809.276984598705	1
B	07	5	I	201.8770633455584	491.70688789968636	1470.9898723999156	1
B	07	6	E:	124.04739393631957	572.7313436302682	1425.7979540499562	1
B	07	7	Y	155.3775884219454	335.33964769664834	1968.0880459601797	1
B	07	8	E	190.8394208526205	492.79555125769247	1865.0362519442397	1
B	07	9	i:	197.69694806117894	382.51461185732717	2016.4085181606151	1
B	07	10	E:	130.6063676771798	732.4741904732423	1338.8360016625898	1
B	07	11	e:	184.54162544463887	541.8523458522246	2220.7115594174234	1
B	07	12	e:	186.43492319679655	377.82774454690576	2076.092029611627	1
B	07	13	I	131.18735141301357	536.8998532882828	1364.4154079827317	1
B	07	14	2:	100.66180840925865	420.3469787067763	1202.1545367278582	1
B	07	15	i:	133.71138806145873	345.5746322634508	1720.6966295258303	1
B	07	16	E	137.4930570409624	620.2376184291604	1486.981335361379	1
B	07	17	E:	140.4629331583715	724.2402958144959	1328.4409859483424	1
B	07	18	I	121.17850625308132	337.5089945583278	1972.1251403839942	1
B	07	19	u	124.0255903685867	423.19383147792894	1371.0215498789248	1
B	07	20	a	119.79581380396976	426.34671965512246	1094.8800201424476	1
B	07	21	u:	165.28113935283415	361.4609800313978	862.9854108521557	1
B	07	22	@	179.04997398771147	412.1607636305956	1551.7237780273474	1
B	08	0	e:	178.29041503520634	414.45807783035775	1578.880908269482	1
B	08	1	e:	148.7597013395784	441.1004476464311	1531.5180584764917	1
B	08	2	@	153.0556538091489	507.9684814568797	1537.679107342341	1
B	08	3	I	168.2782467642118	434.8499532427946	1888.7693475030421	1
B	08	4	@	119.65375632330887	325.09962797170186	1986.7801525099042	0
B	08	5	A:	92.88360839339474	680.3594640167539	1282.1155404230108	1
B	08	6	E	129.57395895880322	536.2718465854993	1831.8689310642344	1
B	08	7	@	123.35441455210714	414.38530950698754	1827.3487967338858	1
B	08	8	u:	139.42455996040778	365.95724371454133	1236.1948296416986	1
B	08	9	I	129.30992530872703	291.9884695615121	2223.804438770319	1
B	09	0	a	197.82092516565694	723.2962762583342	1250.63840597918	1
B	09	1	i:	161.20145963601357	405.0842177603812	1900.7031564541078	1
B	09	2	I	164.97679684190095	344.57016740858535	1757.5812244994988	1
B	09	3	I	178.80952183625362	390.42328062664996	1973.8184590053006	1
B	09	4	I	172.0006059378832	328.1313788350056	1777.838274716466	1
B	09	5	a	127.64862945806253	694.6128891015492	1262.2617944997032	1
B	09	6	E	149.67813943439148	350.5479903245221	1819.0502057759738	1
B	09	7	@	109.42091669506988	486.30352655698596	1378.6979451149639	1
B	09	8	o:	108.09526404697455	331.04116449499725	895.5473187873841	1
B	09	9	a	107.13430753496412	717.9720756817784	1018.1562084474474	1
B	09	10	E	136.45142548728478	497.84333506230075	1437.130276414007	1
B	09	11	U	166.97357071672593	345.9847001623318	949.6115882318777	1
B	09	12	u	96.37739022791531	376.67218921266567	1050.1511526874879	1
B	09	13	a	102.03756549193346	634.3041994311758	1126.4610245430622	1
B	09	14	E	143.22787786105138	426.04609928286504	1391.812256145329	1
B	09	15	O	138.67463194893432	411.59587394628136	1241.9008078137208	1
B	09	16	i:	165.3560998362941	362.377777791786	1882.2305949248614	1
B	09	17	@	175.35318918104724	482.288817980203	1560.3320219457812	1
B	09	18	E:	127.91601334244066	764.9791610803464	1436.6942729195762	1
B	09	19	o:	99.2878648754991	393.9624494298121	867.2787010460877	1
B	09	20	E:	126.21441956250645	540.9724990628107	1640.8793748422825	1
B	09	21	a	131.29423938267635	764.6194132988637	1305.1673574216502	1
B	09	22	a	143.65744589198076	664.2912447271086	999.0587715661242	1
B	09	23	a	132.0938954144551	679.5958729371064	1336.6474224870183	1
B	09	24	e:	167.58453818100512	429.0184574935271	1926.6998432079936	1
B	10	0	E	179.76585523661566	656.3051078488553	1258.3531727551865	1
B	10	1	y:	182.75831219043434	378.44007890743666	1543.7486451069856	1
B	10	2	O	138.514157419614	444.70088883163817	869.3149681499057	1
B	10	3	E	136.60574254041765	447.8541236483511	1548.3478519732964	1
B	10	4	A:	130.3344937660174	706.563019668274	1049.0077960624599	1
B	10	5	a	178.64397491223633	586.4772934026548	1248.0044530566374	1
B	10	6	O	206.6583181594306	494.3349479048173	928.8834308799305	1
B	10	7	a	88.93915182687098	758.3825038291133	1439.531636140936	1
B	10	8	A:	127.65306196090884	556.7338166264688	904.5176651673789	1
B	10	9	e:	178.53076861747246	375.8130751850002	2050.321207318953	1
B	10	10	O	140.2005547678999	411.75012584371046	1196.6927016251384	1
B	10	11	2:	148.5241689739098	557.7058839525229	901.8803297415707	1
B	10	12	y:	182.87768263808397	367.40432414961504	2097.6612715764186	1
B	10	13	a	155.62628913681357	625.910798598382	1152.155238432872	1
B	10	14	u:	182.0814938284356	370.48014708283847	1342.037896036142	1
B	10	15	a	122.99801662649465	519.1493943462	1121.9786118797638	1
B	10	16	2:	136.5967407154774	420.66667782496086	1225.533466778402	1
B	10	17	I	98.08746949432467	343.94962267447477	1873.9810592619278	1
B	10	18	a	159.21831469840058	689.8029019020529	1097.7373264180999	1
B	10	19	o:	170.74448329733164	506.11603989355046	945.7907292117262	1
B	10	20	A:	147.16267101977226	492.04444485673554	990.8113221177663	1
B	10	21	a	125.02924338504978	629.2809676761967	1152.534964894865	1
B	10	22	E	136.6963517716297	685.0954939254024	1654.888847583074	1
B	10	23	@	111.02913954340197	611.6384367238168	1046.3514339202013	1
B	10	24	a	111.68355316834646	766.9261409965064	1167.8406056262427	1
B	10	25	u:	161.06627685352035	400.2006572535472	925.9349156025897	1
B	10	26	u:	119.60548412625545	573.76976621846	1884.6899236987344	1
B	10	27	e:	106.14392715078792	639.6659285773329	1457.1210520572313	1
B	10	28	a	106.31442965810302	591.9154522560136	1222.9780164452168	1
B	10	29	e:	147.4986090315147	506.137356767711	1604.5537018835407	1
B	10	30	O	92.09110879479695	324.0817825359276	1286.9326505705776	0
B	10	31	2:	99.67881423579941	437.3177573243287	1261.839382403221	1
B	10	32	@	97.5263586355222	1184.837344618703	2253.108379129313	1
B	10	33	I	114.05577041920003	352.53397652791494	2162.8903906335454	1
B	10	34	i:	197.60883475397696	340.6930385006724	1946.0194259143657	1
B	10	35	I	143.8578725450634	389.85902813074483	2203.537837149638	1
B	10	36	a	167.768029540604	697.5871866927852	958.5474002606695	1
B	10	37	u	93.9802640385093	448.9922202247631	1616.3609042155674	1
B	10	38	a	106.29858548132019	639.6171191699635	1073.0087277355703	1
B	10	39	@	105.70135762827124	469.38685569521954	1449.6353490966908	1
B	10	40	E:	151.97534140025653	678.4314248395913	1560.6042423055017	1
B	10	41	a	98.22038504432072	635.2028126693093	1312.2660886142578	1
B	10	42	@	--undefined--	609.6450380660041	1431.6204482849878	1
B	10	43	E	91.99827948097247	619.9840741358605	1908.3453621293106	1
J	01	0	u:	135.68207863940285	467.76727048516864	1163.7670707135962	1
J	01	1	I	146.89798109123134	427.87316952048906	1720.1883178474584	1
J	01	2	A:	120.3694920008486	592.978646437306	1023.156334000197	1
J	01	3	a	104.95281148212193	586.0141701499339	1246.5405813347895	1
J	01	4	2	105.75655876441843	480.79515996746994	1347.5946090947848	1
J	01	5	U	108.39493021860886	463.7997187741522	1190.7988635919942	1
J	01	6	A:	112.30457866635862	593.7877760618505	1006.8776111358977	1
J	01	7	a	102.22635847875662	572.7645803962975	1301.8515268007213	1
J	01	8	a	99.98887425386768	500.1668079470884	1106.2713867083976	1
J	01	9	o:	93.2065530301326	544.6339239475789	919.8775498063458	1
J	02	0	Y	126.59841184791526	451.1802364505753	1606.1970406594812	1
J	02	1	a	88.5063650808109	595.4509683894648	1171.7068420067876	1
J	02	2	E	127.18787686900218	499.0154578455281	1415.0854038625373	1
J	02	3	I	116.30920145306703	427.3001875517368	1436.9985484978592	1
J	02	4	E	106.45761459215062	574.8406846315056	1349.1622452156942	1
J	02	5	A:	116.11306269866965	620.6510195278646	1200.07643032803	1
J	02	6	I	117.71808121945746	457.77793501602594	1470.4632316089549	1
J	02	7	i:	117.17225319647096	442.61585611523435	1694.3773958920376	1
J	02	8	u:	118.81067899083057	462.3930645995764	1071.4921719201648	1
J	02	9	I	54.24445901615544	455.8553350226704	1611.4583510807984	1
J	02	10	A:	109.14507720482881	578.2156011966115	1001.0765175187668	1
J	02	11	a	103.56304595845471	624.4529898434149	1264.8388039838794	1
J	02	12	2:	54.46087287726795	528.1887165709032	1390.1735272675096	1
J	02	13	E	103.81972561207004	358.4254394111291	1559.3459573164214	0
J	02	14	U	109.36456856099154	496.4707858192535	1265.1274799271666	1
J	02	15	A:	123.25295873121682	555.5250182942449	999.3965737102813	1
J	02	16	a	--undefined--	556.4198935959207	1340.9278279996538	1
J	02	17	a	--undefined--	505.9295999805089	1229.4735736916286	1
J	02	18	o:	106.82075650765431	511.9851780096354	961.9392300595904	1
J	02	19	O	114.29152253221193	557.1111233748042	970.5993287015008	1
J	02	20	I	107.04526251288425	449.3366291138669	1574.1954754715691	1
J	02	21	@	54.93197404659807	478.76700793432593	1361.9726642706094	1
J	02	22	E:	110.34581800851745	664.9847218536811	1288.522695987181	1
J	02	23	@	108.27214410931066	558.2010141522633	1444.6513008713405	1
J	02	24	Y	108.995165350512	431.3239357037842	1649.8936637602073	1
J	02	25	a	94.12308027062383	539.1016322806635	1366.509998792655	1
J	02	26	o:	97.67537520288354	498.7064733201013	960.4640007681238	1
J	02	27	E	102.76999823674093	535.0456207161595	1173.0339461994433	1
J	02	28	I	105.57311305973764	416.39511716145427	1481.6293175658732	1
J	02	29	O	111.6398465623842	374.0890644496793	1169.0805617838084	1
J	02	30	A:	113.6134666845001	636.8887388088765	1005.5582592191123	1
J	02	31	I	108.65007864512002	414.15061131788747	1504.9728653772743	1
J	02	32	2:	104.83608168075143	573.7469884856216	1287.2861170507158	1
J	02	33	I	84.77465115968674	450.6654220505112	1676.3538102731118	1
J	02	34	o:	99.52579395838986	536.7032698334108	1117.916858792829	1
J	02	35	i:	99.2710091042409	343.40555224829495	1873.1426595399228	1
J	02	36	@	97.26060079534507	472.8376935535632	1444.9856032344449	1
J	02	37	i:	98.1531896907905	441.43395154436797	1798.488313759744	1
J	02	38	u:	97.74665194358866	451.6916327622291	1191.239482401861	1
J	02	39	u:	103.03581281556842	472.5258412962579	1316.657773970885	1
J	02	40	e:	106.755566492748	402.23746711338225	1859.1584158278756	1
J	02	41	a	104.955982672532	561.3985097115859	1500.7357943666095	1
J	03	0	a	71.06801109667879	596.9212849530933	1131.548052225453	1
J	03	1	A:	121.90912146258918	668.5096996571328	1056.8554585192155	1
J	03	2	a	125.4486369160935	622.9858662722431	1251.4667787329897	1
J	03	3	I	117.17377408773223	450.02240934037576	1619.5806388471347	1
J	03	4	I	114.16668990549653	448.90217855155527	1704.4311230750216	1
J	03	5	a	113.87089101841556	549.5458372837492	1484.6116853883236	1
J	03	6	o:	130.4816562369723	526.3288371787678	988.6552999607758	1
J	03	7	O	125.8400889710392	459.56986821884334	1081.1766904661104	1
J	03	8	A:	99.901927345379	572.5276903873512	971.9053018203316	1
J	03	9	o:	109.06099839926526	483.3590712020214	1067.265033500473	1
J	03	10	@	107.01377474841993	470.5009907326738	1396.379137424038	1
J	03	11	o:	100.01623352168467	566.818714836205	1351.3812106282537	1
J	03	12	e:	96.63701008244193	483.8475429217939	1638.267010539333	1
J	03	13	o:	92.22887691509091	494.8305211862199	1276.8164922710425	1
J	03	14	E:	107.91900865438092	590.3393482104176	1449.8579894831569	1
J	03	15	@	103.95321046815502	483.9397546313229	1455.7523107819486	1
J	03	16	O	104.3498395375695	492.4304646052969	1280.2128071950017	1
J	03	17	I	104.93437371037835	410.87403603114575	1584.2936177354597	1
J	03	18	e:	106.73223417735876	468.79305103547307	1730.2303889036139	1
J	03	19	a	104.35800904032536	608.1332468677422	1480.3957948607879	1
J	03	20	a	101.03796462281652	605.6637087818272	1334.492236814749	1
J	03	21	Y	115.10295527314467	430.32671814516686	1673.3174219878124	1
J	03	22	@	112.57700449013494	487.6103162561427	1583.4406352879862	1
J	03	23	I	117.4259032623056	464.41618519185954	1744.7859302495854	1
J	03	24	a	114.15450838460025	605.7492166145752	1458.6402108349705	1
J	03	25	@	109.42174498224298	561.5772481313009	1484.8692525816707	1
J	03	26	E	--undefined--	463.4230846694833	1493.2237326880318	1
J	03	27	a	109.43616399151526	520.5078586335915	1479.5279350596245	1
J	03	28	e:	98.43286861515598	516.7072656109866	1666.1623027469755	1
J	03	29	a	99.21417947145385	552.5924986796671	1442.9936747818433	1
J	03	30	O	104.09502063569153	514.0577910018825	1109.2412492143662	1
J	03	31	I	108.05597652954945	429.43759824340276	1705.2774308458447	1
J	03	32	@	50.64261636541154	557.6265354665242	1237.512783738283	1
J	04	0	a	111.6727286741381	637.7785649242655	1079.048050987942	1
J	04	1	@	125.69039095559533	590.4623141065656	1369.211803481872	1
J	04	2	E:	114.77843765769384	578.5889205649992	1454.7093223675643	1
J	04	3	a	110.2409196009175	514.4329782692381	1428.200481637568	1
J	04	4	e:	102.59103027383512	506.01815771687023	1618.2865288355458	1
J	04	5	a	100.60316560072343	511.6305023881598	1299.0252427701616	1
J	04	6	I	106.34369001681927	446.84047247380465	1644.3195436344147	1
J	04	7	E	78.7674645807659	392.0758724775546	1746.3097700508947	0
J	04	8	U	107.53751969525368	449.7387084536299	1179.3639232283701	1
J	04	9	A:	121.23962505536117	593.6988325820199	1029.493927257001	1
J	04	10	a	115.07833165720184	499.2776053327052	1324.7872204904677	1
J	04	11	a	110.0263749400906	457.5165700806401	1117.842537351559	1
J	04	12	o:	99.53851180728275	503.5546894604498	958.1849518819749	1
J	04	13	e:	95.25814881409282	523.3505492869921	1480.815920772224	1
J	04	14	E	--undefined--	424.06836779609495	1498.9610947139854	0
J	04	15	u:	99.66285069539863	453.55801609794474	1261.894437462178	1
J	04	16	a	59.27767680859604	616.8796526640688	1147.9308345387801	1
J	04	17	A:	103.7397625385065	569.0028459550101	1077.440708488395	1
J	04	18	O	115.67428000296904	519.3686430673434	902.3455627604329	1
J	04	19	E	92.15338661059852	519.1802224632469	1432.82067828503	1
J	04	20	E	94.89225036308683	448.1518586194175	1737.8514535492866	1
J	04	21	@	93.99245027720062	436.9816821396289	1667.5835575365948	1
J	04	22	u:	50.01118780837284	434.7990472067357	1145.0004171481726	1
J	04	23	I	97.75462836935914	422.93874818370836	1555.5248219711411	1
J	05	0	a	56.307299493504544	605.9553718345458	1128.6735174323585	1
J	05	1	2	89.74944126655387	503.1598502078328	1306.7097085493333	1
J	05	2	2	128.79651747400112	531.2112348237704	1252.0280260095537	1
J	05	3	e:	125.34598471040563	539.7881642465375	1416.0637072640636	1
J	05	4	u:	125.91225389934564	530.9454192444513	1362.7891051139652	1
J	05	5	u:	114.89561088985234	469.84931031582505	1303.9693041737453	1
J	05	6	e:	107.82736090689406	444.9451059724005	1742.4738009878697	1
J	05	7	a	107.03213135646772	503.6354590979575	1472.2922574302515	1
J	05	8	a	110.85284801872218	489.9023700474023	1514.5241034789738	1
J	05	9	e:	109.66716273581005	479.7637004797845	1720.3321267514846	1
J	05	10	a	109.3481806265813	622.3644674084595	1289.7926126636373	1
J	05	11	@	84.3251751180507	528.694562322423	1444.894288012054	1
J	05	12	O	110.99688361033317	417.38523979190893	1123.0583263661454	1
J	05	13	a	108.69036624646546	496.90752217492354	1208.048387168951	1
J	05	14	a	104.70370799092319	639.103206367885	1297.4791517569868	1
J	05	15	a	98.4546139467705	629.8684443136265	1238.8195255244088	1
J	05	16	O	118.77441660708028	533.0302548162479	1176.2858615691994	1
J	05	17	O	108.09766802411457	495.2117768823025	1042.083179475265	1
J	05	18	a	102.69719207436287	577.6594019200529	1425.6262726688606	1
J	05	19	i:	97.40902397439494	363.590804935756	1821.5093962528945	1
J	05	20	E	110.77665606826827	443.447939491375	1347.5284630292688	1
J	05	21	E	114.17949530407348	448.5525312248038	1649.8139626193051	1
J	05	22	@	113.91127854409547	444.2929067610259	1647.1795383091535	1
J	05	23	a	111.35908208048652	578.3874646116602	1317.0313679162023	1
J	05	24	u:	121.03316931506058	450.76493409508055	1361.2962435954025	1
J	05	25	a	119.39650815980157	545.33261610962	1278.9454697082065	1
J	05	26	A:	88.88089990194393	559.6394970379606	1069.3466339277359	1
J	05	27	O	55.46767258857371	496.47410583027477	1039.5227376387404	1
J	05	28	a	106.84938868591011	516.5925221704396	1384.6337521985524	1
J	05	29	u:	116.69581677231201	481.35393792352556	1058.7772343025026	1
J	05	30	@	100.8292472558371	589.5401152515572	1298.6838415390093	1
J	05	31	E:	50.09062362256452	560.3507464707171	1472.3863112390172	1
J	05	32	e:	108.95964932580932	448.4425930974131	1774.3820899034608	1
J	05	33	I	100.04680954199124	531.6816083656939	1721.46531057418	1
J	05	34	2:	53.745971241619976	576.6600351496344	1224.9784963121976	1
J	06	0	}:	124.41052281145807	398.2020680001208	1491.527385214526	1
J	06	1	A:	103.55623596465003	573.5747204339417	1036.1470440326345	1
J	06	2	a	132.45437229250206	604.5076605150032	1180.394547149742	1
J	06	3	@	126.66838571094222	496.2170705608066	1318.1599306519004	1
J	06	4	O	112.77130750383427	495.8014124808969	1000.593968210907	1
J	06	5	@	107.50203291917063	465.5061935264978	1349.4366928650052	1
J	06	6	E	109.0506069679171	517.1876107278008	1454.4263919907753	1
J	06	7	@	52.82977115741269	540.875513783748	1161.3119908372066	1
J	06	8	a	52.358518093725586	517.6383019436588	1174.9811355540078	1
J	06	9	}:	116.71130118488941	415.17843382863794	1359.1337184035763	1
J	06	10	E	115.70847421579981	443.8350747464564	1367.9131500247363	1
J	06	11	A:	128.11420811336066	559.8040641222951	1092.74249334857	1
J	06	12	E	62.06302972756016	572.3242939549589	1462.1068366210375	1
J	06	13	@	57.85580243024862	563.7800425114547	1307.5628467886565	1
J	06	14	a	105.91671576169941	591.647801441298	1183.9175359696326	1
J	06	15	a	103.39101703881893	571.9481996157215	1096.8319152077913	1
J	06	16	a	112.07831567436617	446.35131811846645	1203.9454179153947	1
J	06	17	2:	112.99365110471764	572.4494867266874	1320.2715408520655	1
J	06	18	I	116.16327720932563	425.507478424107	1793.2394599953416	1
J	06	19	I	110.41706583550105	418.4400512095091	1781.3100840132681	1
J	06	20	a	67.98439606972943	639.5526748866718	1270.409058586192	0
J	06	21	e	54.32659131416079	516.8025841509108	1629.2256303573765	0
J	06	22	a	111.77790190231363	603.6871598704918	1371.7304387988027	1
J	06	23	a	55.52300181966439	529.5942430259	1271.905317190528	1
J	06	24	u:	115.43274646535862	504.42263004695934	997.2878229618884	1
J	06	25	u:	113.7704117263739	435.35655450901083	1532.7860329243154	1
J	06	26	e:	116.15402470860784	367.7538692375293	1875.182225130011	1
J	06	27	a	113.10146922720581	492.1443789344615	1607.1139137136015	1
J	06	28	e:	112.47149561626969	465.94450673862434	1617.719440377035	1
J	06	29	O	110.70616819266564	609.0898844404409	1123.6945753383666	1
J	06	30	i:	111.73241385824133	338.4324832961005	1931.9131336266012	1
J	06	31	O	104.60401377289294	422.7795752785018	1051.3646486759415	1
J	06	32	a	112.87057437164584	646.9692915983748	910.5776682696419	1
J	06	33	a	104.56875043423032	564.6120584681773	1111.131490484076	1
J	06	34	E:	112.97407905911952	576.4153541332942	1388.5136130970072	1
J	06	35	@	--undefined--	425.56636366292446	1708.878818820237	0
J	06	36	e:	102.41234884322094	473.067482224484	1494.3108625942439	1
J	06	37	o:	117.20773929869563	483.3514919537851	1043.1540870123379	1
J	06	38	@	104.0202786214682	495.8330000428382	1327.2540634840784	1
J	06	39	a	94.17511351370285	539.0796901238127	1182.965727221913	1
J	06	40	i:	111.33451063588278	329.95923634133794	1939.0107909069359	1
J	06	41	A:	108.1769329907164	553.376598553077	1277.4109149813155	1
J	06	42	@	50.19318483225021	498.8529856548197	1517.6979954303772	1
J	06	43	a	59.94384662753467	590.6322613260016	1307.5550460042098	1
J	06	44	a	122.62602202419116	515.2946265226389	1374.8730505966505	1
J	06	45	@	121.12549777871833	474.4988738726724	1307.5049946205022	1
J	06	46	2	60.39770752131867	513.4805601920601	1619.240207542466	1
J	06	47	I	103.5664506482773	490.24024756256216	1661.5010923819593	1
J	06	48	a	101.71983465282281	571.954162196468	1292.8655298409155	1
J	06	49	o:	111.75876977601327	469.11029481277745	1010.424064015297	1
J	06	50	E:	74.73633481000702	577.298432247029	1453.8202951153855	1
J	06	51	@	105.32653823181235	461.39119743181686	1434.3504547221212	1
J	06	52	a	52.34030524053966	658.6201689069628	1186.795252394336	1
J	06	53	u:	95.59655088624187	427.07728085896133	831.4252553502316	1
J	06	54	u:	107.18411738598334	431.220755114909	1070.4937822401737	1
J	06	55	u:	--undefined--	445.3393396705524	1549.0337049171019	1
J	06	56	e:	95.32532807424346	399.3503916880209	1925.7636419624628	1
J	06	57	a	66.54723722937155	553.1132886575282	1424.7208198931255	1
J	07	0	a	--undefined--	485.0709594746957	1304.154018544266	0
J	07	1	I	132.1785515963388	428.16529785441827	1762.9421459800362	1
J	07	2	a	128.7173597210462	495.910177669337	1415.6655564043747	1
J	07	3	u	125.28408225789636	497.7042608694707	1322.4768664789267	1
J	07	4	I	123.39753710761329	481.91868031129377	1605.4278366970993	1
J	07	5	I	118.67035085490814	446.34940706433696	1596.2607004034978	1
J	07	6	E:	132.79544121442967	639.4161474939307	1351.2063874250575	1
J	07	7	Y	122.69997419028394	444.52744518795714	1569.3818228176335	1
J	07	8	e:	126.0403290436263	461.57656227214727	1587.5113576746446	1
J	07	9	i:	116.33766360886646	374.32151078488494	1924.037325321912	1
J	07	10	E:	64.48196148295943	466.5248511046185	1740.6345183366086	1
J	07	11	e:	117.30556764493977	463.51101765905617	1664.2801299356524	1
J	07	12	e:	55.60413849310374	457.71504104208395	1584.9538760722035	1
J	07	13	I	106.69973520184067	370.979688837285	1599.6331838316426	1
J	07	14	2:	57.140829147486365	552.745375283277	1257.20728205358	1
J	07	15	i:	53.34037243556188	492.99122979909055	1381.38181669782	0
J	07	16	E	75.46166391836619	491.8345469195754	1426.4950579132935	1
J	07	17	E:	101.89002816213494	637.8376676155555	1379.225013928357	1
J	07	18	I	100.40216230647168	406.261248567988	1610.079393265259	1
J	07	19	u	103.31029585881446	491.03962099729665	1280.095305121691	1
J	07	20	a	102.23207747587021	537.7372698575041	1149.1386903156927	1
J	07	21	u:	109.4489407987426	437.5374901035157	1040.9898380079596	1
J	07	22	@	62.26549421363038	566.0513450317166	1185.9438007258711	1
J	08	0	e:	60.27027324672274	432.406070770855	1628.3863766889176	1
J	08	1	e:	121.93455681275692	440.22076149718725	1788.3542528509665	1
J	08	2	@	111.2085651027583	486.7528944834356	1506.0227145514737	1
J	08	3	I	118.46540804245396	451.2621335509435	1805.55720909062	1
J	08	4	@	109.3952349990619	532.5783346177191	1597.0989831482298	1
J	08	5	A:	117.1451693277999	640.1078537212167	1168.9274247749784	1
J	08	6	E	--undefined--	452.4259964449726	1762.4368976519577	1
J	08	7	@	--undefined--	430.39824476280177	1742.2505548632078	1
J	08	8	u:	51.0394787766003	458.7341610863259	1515.7057788522723	1
J	08	9	I	105.51401678989387	408.5010756110964	1454.0953509735846	1
J	09	0	a	126.64884535328054	599.6252487942461	1198.6841871619715	1
J	09	1	i:	127.61174585185337	377.4162696939408	1830.908256542027	1
J	09	2	I	63.44801862516458	434.17374500697133	1671.7382461876996	1
J	09	3	I	58.83741203409893	437.85832990881465	1628.7180814644632	1
J	09	4	I	99.13719693797441	476.0287558645164	1901.137507868316	1
J	09	5	a	119.52833779745515	539.1875800402271	1518.8075883202487	1
J	09	6	E	125.52243864946566	500.9097295741828	1668.1550935630403	1
J	09	7	@	113.01058819234267	496.58457811138555	1621.1201829639572	1
J	09	8	o:	106.76878823421877	523.2878026133684	1041.8052178648095	1
J	09	9	a	114.26128614501877	639.5812999529356	1161.6869295029921	1
J	09	10	E	108.35889573363248	490.8673968681984	1408.2410254152496	1
J	09	11	u:	118.12923820477171	456.62442480183904	1152.2922085178952	1
J	09	12	u	61.61692704829428	489.0912458687701	1239.617599276861	1
J	09	13	a	72.39587529117013	570.5495697713917	1360.974244595327	1
J	09	14	E	111.38377883611908	504.96393653149266	1519.3132297386237	1
J	09	15	O	111.93725667244044	447.03479386882753	1379.3656837579204	1
J	09	16	i:	118.82151615337806	362.9593408153854	1909.575783819233	1
J	09	17	@	95.70397452540658	597.3068681709234	1568.308864157109	1
J	09	18	E:	99.53099240535536	655.4831974059219	1366.486096813101	1
J	09	19	o:	105.84183125630865	450.29293892665675	1149.9441402362456	1
J	09	20	E:	108.31466866918944	587.2511246748142	1469.3317566647356	1
J	09	21	a	104.30676093883741	542.5352702412171	1488.4256523573824	1
J	09	22	a	--undefined--	594.577850230153	1284.6187588972678	1
J	09	23	a	100.38631262794976	519.7249243201376	1109.8460429920506	1
J	09	24	e:	61.303475231524494	503.3657192615885	1702.4072761029356	1
J	10	0	E	118.96369395420464	471.6227550789578	1397.6929875241278	1
J	10	1	y:	67.29547888916763	377.2902807439555	1747.708769322901	1
J	10	2	O	--undefined--	465.2547156736601	1289.7548354161763	1
J	10	3	E	126.65774057527396	524.1193654041078	1529.2298352927062	1
J	10	4	A:	129.86550307617875	616.6983576530153	1211.7811031892502	1
J	10	5	a	121.0042733339685	545.5331865858861	1363.303519556661	1
J	10	6	O	125.8225140794459	532.5874803472424	982.7338297206943	1
J	10	7	a	78.67967941472267	618.9097604503694	1147.5787894479981	1
J	10	8	A:	108.44914322399546	503.65589959439643	1407.7435983546472	1
J	10	9	e:	115.99392036122768	509.24111248466056	1608.2148635015128	1
J	10	10	O	110.28334499494584	590.2646065131239	1059.8729205642217	1
J	10	11	2:	109.65769857525113	539.399009752945	1328.5160887463267	1
J	10	12	y:	123.45208058565689	445.08700691269473	1725.6764514843346	1
J	10	13	a	125.24379815211755	510.6495546331098	1549.8814822966754	1
J	10	14	u:	91.15538814044308	431.8936473031089	1039.7665584427405	1
J	10	15	a	90.7155542584697	600.4006870038473	1227.6350825250058	1
J	10	16	2:	106.75181332680131	611.7426645656728	1191.4290167041383	1
J	10	17	I	113.82642966271425	483.4126601114739	1803.7553151733941	1
J	10	18	A:	67.80727768065957	627.1864499076014	1463.2424323217026	1
J	10	19	o:	64.14474282758789	508.1615748329922	910.069838451946	1
J	10	20	A:	116.61596261304146	580.4556068089543	1105.5870139058914	1
J	10	21	a	110.3118196535287	594.9631213217327	1405.5211228410685	1
J	10	22	E	103.17610242554908	551.3066969108874	1502.319571058312	1
J	10	23	@	102.34872127223824	529.9977456101905	1361.219054276105	1
J	10	24	a	101.77684047061392	585.4188032305332	1276.73037496442	1
J	10	25	u:	112.21018915049476	483.1715549305327	1203.2054976179852	1
J	10	26	u:	111.91999633688675	505.4643611915799	1312.2262073092977	1
J	10	27	e:	110.98985281296702	409.3171656991914	1850.134451120238	1
J	10	28	a	103.83682470515107	481.2606077924799	1720.2269398832807	1
J	10	29	e:	127.94107988792824	532.6635038054134	1672.6547981593383	1
J	10	30	O	116.69648944346086	600.2765443878435	1386.5174897508446	1
J	10	31	2:	61.61984277999662	578.6184950269272	1250.3615002416075	1
J	10	32	@	114.45962348633566	446.6045909849043	1512.5800056382254	1
J	10	33	I	105.29005104212006	423.169077051165	1601.034854515789	1
J	10	34	i:	120.53587127634374	365.4060675112179	1870.3962032763684	1
J	10	35	I	115.73846986733619	405.2001838971342	1571.4458489961523	1
J	10	36	a	111.72171831884903	626.3864204384963	1267.334507873887	1
J	10	37	u	72.53279021140276	476.4191054589203	1335.6480856188416	1
J	10	38	a	108.01168421074625	527.1394070698449	1255.0655021180871	1
J	10	39	@	--undefined--	464.60392035004645	1464.0963403436815	1
J	10	40	E:	56.42594473876766	628.1657073946163	1344.569630566737	1
J	10	41	a	53.77627909172275	598.3025620276654	1047.1347359704844	1
J	10	42	@	55.24742689121482	486.2342101626007	1390.602200347605	1
J	10	43	E	108.85773001247127	514.3485676160816	1454.6589373482275	1
O	01	0	u:	189.47848368662505	382.7520332613957	856.0178437946827	1
O	01	1	I	114.25931522108094	499.5259114768574	1863.7457650010838	1
O	01	2	A:	106.37944626624146	586.0967735641228	874.3833868264269	1
O	01	3	a	100.02543489234172	605.535975727104	1299.4385711250798	1
O	01	4	2	99.30631660535155	555.691516698498	1109.3709281503736	1
O	01	5	U	107.12547368598271	415.09992185765844	1126.033848458655	1
O	01	6	A:	112.49511058289302	591.1375124820399	815.4206193057895	1
O	01	7	a	123.15902959228599	577.8326702725652	1441.593979427483	1
O	01	8	a	111.318885086147	513.3621975277354	1250.556834792646	1
O	01	9	o:	270.5177744140071	540.635854431634	1126.694663646597	1
O	02	0	Y	150.53075613912947	427.7412517140045	1828.6100301255917	1
O	02	1	a	157.331995962991	589.1743317183842	1472.372246433596	1
O	02	2	E	145.20058882510824	530.7813808770571	1529.3917774238062	1
O	02	3	I	140.54562365147265	421.1204119024755	1516.5686493043884	1
O	02	4	E	86.02861210989619	595.291512353366	1402.9982618326753	1
O	02	5	A:	131.61635507171187	590.301035289512	1305.954031590523	1
O	02	6	I	137.47432771995776	421.3889716811852	1541.189898238406	1
O	02	7	i:	130.3029742974542	500.843031693602	1853.678609025947	1
O	02	8	u:	102.54902151886706	441.9941208428584	925.2287119790454	1
O	02	9	I	137.29832438597222	515.9195411824152	1699.4685724561946	1
O	02	10	A:	116.8282231814411	592.486034561705	900.5785204102243	1
O	02	11	a	117.58776976068819	584.8334345742812	1363.9966508981254	1
O	02	12	2:	112.59694204110677	550.3038812417	1144.2487797802214	1
O	02	13	E	109.47560590192357	497.3451277887884	1757.529107668629	1
O	02	14	U	112.93100567453943	437.4161096210341	1170.269236518084	1
O	02	15	A:	131.92382504960332	555.380237224985	845.9934258134907	1
O	02	16	a	132.09403577083302	544.6521124274477	1501.6011433711155	1
O	02	17	a	118.68683414796743	484.0046370694283	1232.5578868267728	1
O	02	18	o:	136.5275664848457	497.3237252407362	770.2275346862795	1
O	02	19	o:	132.77231627940782	543.6108498900853	813.2538703051838	1
O	02	20	I	138.16430627079126	421.1135897416874	2308.765025070751	1
O	02	21	@	119.99332154321921	475.7279313700055	1654.0711446928292	1
O	02	22	E:	113.02702765540178	631.2815232530154	1338.7044438926755	1
O	02	23	@	113.80582624952063	535.3422621890109	1529.306872250606	1
O	02	24	Y	113.89822764815963	421.3220714123243	1941.1029810454927	1
O	02	25	a	108.50534660300683	542.9557582190253	1517.7725369726209	1
O	02	26	o:	96.99696918719141	440.8554677623545	786.4539045693739	1
O	02	27	E	111.40423735946851	575.2278963816743	1281.9734292581945	1
O	02	28	I	112.52807328791506	359.9341265172875	2297.705728150642	1
O	02	29	O	114.9242749572871	445.0189607947712	1160.7501679021632	1
O	02	30	A:	130.17149668657274	567.7641765633379	966.9198887571653	1
O	02	31	I	132.0435697556369	393.15855044712873	1792.3805709802593	1
O	02	32	2:	111.87008630974564	572.6816486603261	1309.8000077209929	1
O	02	33	I	107.44562155109021	489.2358754745764	2199.3735101776147	1
O	02	34	o:	106.07197846258016	465.32657815215265	990.9486705917607	1
O	02	35	i:	100.32046269688281	398.16623396115136	1808.382833770046	1
O	02	36	@	104.16106144603005	498.6395411662956	1481.3873259104666	1
O	02	37	i:	55.08592161747791	404.0524270990745	1814.1517636419217	1
O	02	38	u:	103.22811589366005	417.64975104049256	956.0128221086479	1
O	02	39	u:	109.09092335051943	456.7629010737023	1153.4745948117761	1
O	02	40	e:	128.85666581680476	445.15378113295617	2059.2414111387534	1
O	02	41	a	65.38455255157705	605.4942547092932	1558.5465974830474	1
O	03	0	a	157.0402627089611	644.477199227432	1224.0084543208766	1
O	03	1	A:	126.05407980358478	587.4777444661537	831.8368788947315	1
O	03	2	a	104.79925795779253	587.5342125739859	1246.2357856020355	1
O	03	3	I	104.50612389830319	344.57849204152586	1236.5014390385634	1
O	03	4	I	103.13808479588147	437.999307882879	1932.9973021097487	1
O	03	5	a	255.98636702500588	579.8112755755161	1584.754322265355	1
O	03	6	o:	140.4418960914745	483.492085478482	765.8505908938386	1
O	03	7	O	81.065147490344	536.874211883379	850.3842452457309	1
O	03	8	A:	93.8272227532819	575.521731421744	833.7204814760279	1
O	03	9	o:	148.03610625413597	489.82746173917616	880.6609434381103	1
O	03	10	@	149.08338099874842	503.68357727639795	1429.0494247157142	1
O	03	11	o:	112.65537227666373	514.8189023689844	916.9182215712815	1
O	03	12	e:	140.11578910081192	467.9031876345901	2055.073371603361	1
O	03	13	o:	99.61117883266101	472.469215439986	814.0519347590922	1
O	03	14	E:	127.1093662052399	617.6177029034271	1493.4374421617308	1
O	03	15	@	114.4230831702617	520.0021917639357	1622.9368680163159	1
O	03	16	O	114.61424507199166	520.2097731776617	1074.8619401896729	1
O	03	17	I	113.29655548118922	419.6763851839979	1746.0927045883784	1
O	03	18	e:	120.71490002997261	488.3417450220749	2145.6558503470023	1
O	03	19	a	112.11985157479859	546.5060436099727	1583.4627468264246	1
O	03	20	a	108.04941377297766	574.0896125548414	1462.87123107779	1
O	03	21	Y	132.05050778744246	352.78411424038416	2167.7648884733926	1
O	03	22	@	137.49060633131145	424.8766334599123	1795.2704465104907	1
O	03	23	I	130.04519420458803	390.38391458527826	2192.428907916138	1
O	03	24	a	129.0391803216491	537.9804954132675	1837.2103963061193	1
O	03	25	@	286.8898527554712	566.9005182509669	1660.7023340129913	1
O	03	26	E	156.93486271188598	560.2447705710849	1810.2357794617749	1
O	03	27	a	119.68163688391199	508.9802270159903	1658.7512653303866	1
O	03	28	e:	121.83827771893469	491.1810214707185	1985.8586468122435	1
O	03	29	a	111.71127200530816	594.23795573751	1526.7803319207237	1
O	03	30	O	105.68105960770885	546.8729174452453	1081.9653139287705	1
O	03	31	I	123.98321823309372	409.85808429253365	2141.8165507011713	1
O	03	32	@	--undefined--	570.155192708383	1352.3987240112983	1
O	04	0	a	151.25594808487665	692.608813048823	1282.7197238491376	1
O	04	1	@	157.96406145200928	548.4488167873993	1482.9168055409548	1
O	04	2	E:	112.94925455152698	680.4636066592797	1485.6474087897452	1
O	04	3	a	122.43362678130309	553.6184966264395	1669.666843141175	1
O	04	4	e:	112.09283265208981	497.4977306390923	1899.854051072011	1
O	04	5	a	106.38800503619728	510.4347117225176	1345.2077000285026	1
O	04	6	I	112.31729247510931	417.5849883897639	1613.533945092164	1
O	04	7	E	109.217881741979	485.1243880526585	2116.324260035299	1
O	04	8	U	118.75523461887926	440.9292150395233	1051.0235170482636	1
O	04	9	A:	143.07690423590256	549.683835836949	793.927240507127	1
O	04	10	a	139.15811295019597	535.7927464750078	1519.0347964933146	1
O	04	11	a	126.42291907630133	496.8778168645849	1216.8739915402764	1
O	04	12	o:	117.51046273797441	473.9814339265638	794.8012380103374	1
O	04	13	e:	112.87807882653212	523.492934415325	1842.56720311348	1
O	04	14	E	110.14563363259983	509.57925444407306	1364.2468886318302	1
O	04	15	u:	147.1011958562336	429.7736755322736	960.157841482646	1
O	04	16	a	115.77202052342942	610.7767762237406	1298.8365942372197	1
O	04	17	A:	111.21624449487709	567.764392429497	1127.438490063192	1
O	04	18	O	130.336363109224	551.557291822037	748.985610805672	1
O	04	19	E	286.0053081411907	562.0742292565797	1341.7777424121632	1
O	04	20	E	105.09680459191303	422.70796186807587	1692.7095101584257	1
O	04	21	@	92.75287637802713	453.06351342668773	1791.5224676612445	1
O	04	22	u:	53.471992158255716	430.11656040715343	937.9682719822329	1
O	04	23	I	85.58140544311385	511.5713635371679	1588.3425300822025	1
O	05	0	a	127.09307702960105	630.440895283482	1038.4784643482376	1
O	05	1	2	137.4229997220638	504.94962919862695	1255.658266892999	1
O	05	2	2:	165.86595313314245	504.36637454233056	1433.5690430544225	1
O	05	3	e:	173.50679710348157	527.7656042992593	1402.8759506662254	1
O	05	4	u:	151.47019431464017	424.41498567027475	1010.5254071983868	1
O	05	5	u:	120.12409015109142	447.4576810257842	1315.8777719683023	1
O	05	6	e:	110.13833930153638	426.0201675956447	2209.0032124423274	1
O	05	7	a	106.37955514883404	543.532508476627	1764.5461086875687	1
O	05	8	a	112.14265149603054	526.925509810719	1783.3391691896584	1
O	05	9	e:	108.0237469096361	470.7453794529307	2141.9005949606167	1
O	05	10	a	115.49797492817528	603.2498080192185	1387.6045601577666	1
O	05	11	@	155.86056484040583	584.3695599196869	1386.5761425928629	1
O	05	12	O	120.72722241697551	562.4916945415	982.5495682772857	1
O	05	13	a	111.1568325170711	576.6785084239889	1232.8760873900292	1
O	05	14	a	108.68826580457703	638.0254632369023	1324.4904537652553	1
O	05	15	a	104.33684342367864	618.8864432787909	1198.7892183753731	1
O	05	16	O	139.52404370290782	489.9238707812355	1017.0456695364364	1
O	05	17	O	130.39259006227923	489.7936451375843	799.1819643703723	1
O	05	18	a	108.69557708558823	529.9620645824903	1634.9312181149764	1
O	05	19	i:	--undefined--	430.1599882673933	1729.9838012848672	1
O	05	20	E	118.09824924545053	560.7343519916265	1467.011502006332	1
O	05	21	E	128.07816832253863	445.0261919046893	1749.9454963506719	1
O	05	22	@	125.40293018239909	493.37516041156897	1751.3889179465173	1
O	05	23	a	56.632160957206565	636.7517002297616	1298.7521973533321	1
O	05	24	u:	137.49519998001733	376.735068399608	745.2135040791634	1
O	05	25	a	151.11837846516403	581.269162444392	1340.5749420918382	1
O	05	26	A:	122.42643091101276	585.2366549078917	1107.7666404997553	1
O	05	27	O	78.08699113016334	517.6646788818293	1021.8322192837628	1
O	05	28	a	110.50105435227479	551.737165383864	1398.7641853268672	1
O	05	29	u:	132.31562471504122	467.60304219477194	791.2236716053089	1
O	05	30	@	122.74622119192551	555.2120393485515	1500.7825674763606	1
O	05	31	E:	107.4106558459953	597.8206844934252	1327.322407569935	1
O	05	32	e:	107.7634349350838	527.1945366569001	2137.961553470675	1
O	05	33	I	99.4609534211518	466.0085969890067	2214.6832892840666	1
O	05	34	2:	77.4506309227821	597.3917903899891	1320.8465738041382	1
O	06	0	}:	163.38458853396332	391.76587252384064	1699.9861511935478	1
O	06	1	A:	171.0239140380229	581.9180618245308	822.3562801191698	1
O	06	2	a	176.937550347539	565.8278629528301	955.8834455813995	1
O	06	3	@	173.96465929960212	511.32350424180004	1312.9628001826838	1
O	06	4	O	124.65850593200766	540.6768644350935	821.1291340411707	1
O	06	5	@	115.02754109119533	592.6115466519844	1513.8546124278573	1
O	06	6	E	133.6550775793004	588.8489758761424	1801.0589246059612	1
O	06	7	@	127.85149017041246	528.2257094654581	1426.3877125735883	1
O	06	8	a	112.59708107735446	609.9972358603976	1304.7537171944089	1
O	06	9	}:	126.21905797357599	386.09984092793724	1544.4230356223918	1
O	06	10	E	117.3930610484846	434.9919625705468	1262.7646257394128	1
O	06	11	A:	143.74719283832096	564.8699273576485	1075.4496340348326	1
O	06	12	E	142.84023926500043	544.2619347070876	1879.0431400346276	1
O	06	13	@	115.88879133451755	580.415543104918	1310.5674251455055	1
O	06	14	a	111.76614208981283	616.2583336898414	1290.6964799485243	1
O	06	15	a	114.34005804551872	591.7886035087047	1052.6748238705268	1
O	06	16	a	118.9521918576788	515.0031051416224	1221.4309935789793	1
O	06	17	2:	149.79424570129657	573.9172568946841	1228.2008773715854	1
O	06	18	I	140.59700427671618	420.06365350929684	2327.0469554486363	1
O	06	19	I	134.82170252915014	388.483677847189	2316.200472594851	1
O	06	20	E	142.97286688362587	467.1302784889397	2123.009672681901	1
O	06	21	I	109.26483469853018	494.5962263796503	1944.5317759764814	1
O	06	22	a	134.91928786028961	623.8004880425315	1414.7094862464476	1
O	06	23	a	118.89082508179422	613.671115746158	1336.032987936262	1
O	06	24	u:	130.65068752632973	399.3615779830525	895.190491346026	1
O	06	25	u:	--undefined--	470.6337943947559	1459.750317503059	1
O	06	26	e:	121.15049244874001	423.77668236077574	2158.3228032147595	1
O	06	27	a	114.43323638432159	553.6186255861485	1719.8773079466364	1
O	06	28	e:	147.0294340867631	440.9690149536312	2184.456787672935	1
O	06	29	O	192.04145421716674	551.345050341014	1247.6555543474444	1
O	06	30	i:	108.30525725414577	415.1025660001931	1979.6532623725718	1
O	06	31	O	138.0039183339285	528.224792776693	1151.7962864839922	1
O	06	32	a	122.33210157986704	585.7123423527194	913.282359766093	1
O	06	33	a	127.62727302966182	589.508607843036	1235.6266342321755	1
O	06	34	E:	128.9558558686002	548.0487926054115	1581.5439430955612	1
O	06	35	@	102.6271407450873	472.4256146608169	1941.0188088742377	1
O	06	36	e:	103.5086527608253	460.44805025916685	1608.4199504584203	1
O	06	37	o:	137.40986051346687	523.1817287110586	907.6639959297927	1
O	06	38	@	135.85674112599048	458.0624139930506	1363.1466267877854	1
O	06	39	a	117.03317442005876	661.9718370414616	1176.4612180638321	1
O	06	40	i:	119.97307659335675	373.70721813019657	1772.075766664301	1
O	06	41	A:	116.68316964380963	574.493790504428	1103.2937244762993	1
O	06	42	@	107.82509852388338	449.17181383875965	1418.8685276929143	1
O	06	43	a	131.78289129272576	612.4086389682045	1399.1135729428531	1
O	06	44	a	128.88824652128258	569.8701431980973	1574.756937903478	1
O	06	45	@	133.91813273963865	521.7803028674796	1567.7150435098463	1
O	06	46	2	123.70659501312618	503.1640749484851	1696.129393219499	1
O	06	47	I	106.99237997534892	415.4386622062676	2137.3779685869017	1
O	06	48	a	226.7245518272515	521.921818482036	1114.5249384821418	1
O	06	49	o:	98.87717007091024	538.0430609183551	858.5907663742236	1
O	06	50	E:	117.03081252049802	606.9933176973817	1435.895633337226	1
O	06	51	@	122.76777364336603	489.1448725662686	1523.7137311659103	1
O	06	52	a	114.03804389705314	630.4955347840599	1343.7938723990458	1
O	06	53	u:	98.74226492150628	483.8376141648145	918.7063970258503	1
O	06	54	u:	109.43916498049	441.4567837700806	788.2443980925552	1
O	06	55	u:	--undefined--	468.69996685680934	1377.923589087143	1
O	06	56	e:	110.99216752638381	449.8281935939659	2064.247843438176	1
O	06	57	a	104.21489194742288	620.1940794519921	1544.0031998314926	1
O	07	0	a	133.73648317630824	663.4620281275729	1226.7737340547012	1
O	07	1	I	151.49420617375648	376.74674407501186	2178.9763648734433	1
O	07	2	a	145.15377747961432	461.93982263678265	1156.0826488845328	1
O	07	3	u	142.43459302433078	456.11074933110467	941.4290161241202	1
O	07	4	I	142.391071938511	403.31078287747124	2189.2640516207584	1
O	07	5	I	141.84568969035098	439.4673194315107	1935.3297520598064	1
O	07	6	E:	165.6278856758263	643.3608885957514	1492.9106406133587	1
O	07	7	Y	143.96974514749382	376.9818061155838	2152.798361034223	1
O	07	8	E	146.113212247475	462.9974757185177	1839.1499568704533	1
O	07	9	i:	158.7546318517156	385.14682695431117	1907.4814345204916	1
O	07	10	E:	125.81282467055823	634.3109800430493	1545.6221787978739	1
O	07	11	E	166.08874773211969	473.6887583073985	2135.02697520341	1
O	07	12	e:	126.70148863721161	515.2433890631058	1899.3002875392933	1
O	07	13	I	111.090828108238	425.8281027971602	1824.189922448522	1
O	07	14	2:	128.73648743645418	540.7305437200803	1445.4713043019397	1
O	07	15	i:	87.50222966533389	435.3916626764847	2018.0109512685258	1
O	07	16	E	112.32152869037449	497.1820832720484	1287.5642615512845	1
O	07	17	E:	106.67218453221216	645.9111287310049	1029.8184813373434	1
O	07	18	I	--undefined--	370.4616720855118	1940.4414035078598	1
O	07	19	u	96.43235385633034	563.7882725932276	1364.4733674255347	1
O	07	20	a	100.03328247508728	570.4075414016958	1303.9392104760684	1
O	07	21	u:	147.54694482249602	440.95658780442733	796.2691703648476	1
O	07	22	@	61.49463237441364	570.5783322992547	1325.9792379183734	1
O	08	0	e:	131.83594214367147	450.05125556993045	2096.920935527516	1
O	08	1	e:	112.50561429569413	525.8785325047971	1977.972273828056	1
O	08	2	@	110.50675120060801	477.9945381974502	1736.4071447147987	1
O	08	3	I	116.01940964845559	397.4379428969139	2326.0626962542956	1
O	08	4	@	57.43664182303247	514.0130820277934	2153.6495527076363	1
O	08	5	a	133.12503202868922	628.1492730851888	1191.1925101977731	1
O	08	6	E	51.76384789269681	419.70984888667147	1970.5916971879142	1
O	08	7	@	54.01810825448095	476.1828356258353	1768.4013574007113	1
O	08	8	u:	53.600372273358275	435.38677485073055	807.5701730417032	1
O	08	9	I	261.26086311776936	509.1526336251351	1642.3331893897669	1
O	09	0	a	160.25502988335475	605.5344710456446	1343.046701855878	1
O	09	1	i:	165.71751810574168	444.5470861825042	1827.964359894411	1
O	09	2	I	165.08173471252078	402.5449775980953	1837.804384524422	1
O	09	3	I	121.45839198311438	434.84076319997587	2187.7177173512587	1
O	09	4	I	146.43683214477053	401.0667622208457	2377.7688165191817	1
O	09	5	a	158.87162596257085	521.0587840540425	1682.1354938635598	1
O	09	6	E	136.78713677248163	508.5470446410777	1937.530738182537	1
O	09	7	@	134.80104253457188	535.1543636937785	1923.6312441298744	1
O	09	8	o:	119.78992285382554	470.4296294191825	747.0212481452685	1
O	09	9	a	109.55108454706009	538.7708905915778	859.5318598157321	1
O	09	10	E	109.32595823233478	531.3341765360816	1598.3484126465185	1
O	09	11	u:	142.20480299525428	398.1997772182111	774.9030374109489	1
O	09	12	u	144.43123420092087	429.60335219012234	1126.2133386209944	1
O	09	13	a	140.6381903434467	609.1890075537099	1352.3303462828537	1
O	09	14	E	136.12875708767768	557.7730389675708	1552.5224852454764	1
O	09	15	O	138.36565456645917	464.4754263032157	1325.0534563458637	1
O	09	16	i:	115.10091838082052	427.2343796877117	1851.6528907359216	1
O	09	17	@	115.88136130146586	526.2114945251345	1886.812549545446	1
O	09	18	E:	108.29499483798482	636.9125701589829	1363.4099520106079	1
O	09	19	o:	117.88095287953922	497.3007060666769	1051.5858924739325	1
O	09	20	E:	105.25162701382555	599.2682228013838	1693.5495374422896	1
O	09	21	a	95.84329803141094	600.9277604630089	1506.9940227215347	1
O	09	22	a	102.33347136402608	653.0490184188589	1389.9555188159025	1
O	09	23	a	64.6959071884757	594.5010764754399	1217.446500937526	1
O	09	24	e:	257.836334674048	530.7308798718927	1981.7438203969746	1
O	10	0	E	122.6490085891526	568.5645505703373	1619.472131763167	1
O	10	1	y:	161.75279747885213	432.72474833881915	1779.5413307220624	1
O	10	2	O	150.5667402873	471.5265863391576	1126.710531266922	1
O	10	3	E	152.52611025896655	462.826370894025	1677.164751190088	1
O	10	4	A:	157.2436128124627	568.4303794422578	1260.0866584954902	1
O	10	5	a	149.08409699989085	583.4889190405164	1482.5005043570638	1
O	10	6	O	151.52981577305732	554.1480863596528	934.730331801497	1
O	10	7	a	151.3184575128941	621.605681059716	1346.7659829023003	1
O	10	8	A:	125.17860323357714	575.6688897099215	1151.4126332755993	1
O	10	9	e:	122.9479229819519	483.3736270888747	1968.0210301533764	1
O	10	10	O	110.97478445689805	539.5628154633974	1239.0961673637864	1
O	10	11	2:	97.44104356897249	552.5564736106003	1106.4431300189226	1
O	10	12	y:	134.97988994384934	387.37902727843925	1865.9200453169212	1
O	10	13	a	137.85225450361224	556.1255269351119	1622.4632170520542	1
O	10	14	u:	122.6595252278901	383.1787908922878	940.0096433991669	1
O	10	15	a	109.346761008333	598.8349193465423	1410.560242330051	1
O	10	16	2:	107.86691253324723	572.2939634461143	1497.6558566032734	1
O	10	17	I	116.05516584037488	486.7512870559305	1764.4514876837643	1
O	10	18	a	71.87940151485313	615.6455723590593	1686.6709820507133	1
O	10	19	o:	139.7777349017438	464.68807831223444	816.3826343680191	1
O	10	20	A:	124.78078768524176	535.1723921700997	1042.2925332559694	1
O	10	21	@	119.2375869947873	551.9489177531879	1552.0172456192174	1
O	10	22	E	106.47704448052257	574.3528062874531	1888.78344832464	1
O	10	23	@	119.55283961146111	538.4603253043044	1554.8715365082753	1
O	10	24	a	50.18553878957503	621.4166421673283	1332.1192955148274	1
O	10	25	u:	117.42861098062438	417.88114950916616	922.8191669968602	1
O	10	26	u:	128.65631533180664	411.8602542634592	1536.6857864992492	0
O	10	27	e:	125.49529971387066	396.4354649331002	2306.1467325823924	1
O	10	28	a	190.13246226965353	546.7234413749659	1844.1077155614664	1
O	10	29	e:	117.31431024461106	494.32100551077315	1997.3961466659525	1
O	10	30	O	101.53842950095532	503.0482891035905	1260.0477952631686	1
O	10	31	2:	104.10453564673574	520.3851966469882	1070.676486842044	1
O	10	32	@	102.18467056419935	478.61280475633953	1710.9420448346532	1
O	10	33	I	104.70917253603751	413.6574000950517	2033.0328072956304	1
O	10	34	i:	128.42504956719915	373.87098414759777	2003.1530603263632	1
O	10	35	I	121.88079248550736	429.1257359000018	2081.018732824583	1
O	10	36	a	118.31902969691143	614.5353605247944	1560.576145381854	1
O	10	37	u	110.03893812578538	462.3751175653089	1768.691111682603	1
O	10	38	a	103.01650609697808	540.8485914367079	1236.6795290769162	1
O	10	39	@	103.85000582936726	476.34022280690215	1699.3142276815802	1
O	10	40	E:	106.81467333841617	611.3318218565471	1515.532566514342	1
O	10	41	a	--undefined--	579.6093098623519	1064.486599822667	1
O	10	42	@	101.26921610787127	529.20858476651	1291.7272113036047	1
O	10	43	E	71.6053210789932	612.4696466762518	1475.4522166439037	1
