speaker	recording	vowel	label	F1	F2	include
B	01	0	u:	1007.282984065292	2438.490576207475	1
B	01	1	I	1812.6875192395228	2585.0113140628337	1
B	01	2	A:	1027.0516412636707	2621.985639350428	1
B	01	3	a	1203.8093248689734	2444.8229183608814	1
B	01	4	2:	1192.3065964360746	2601.21607411267	1
B	01	5	U	836.3914534687426	2449.2633978114923	1
B	01	6	A:	997.2224995753322	2713.6123431862766	1
B	01	7	a	1401.0597526343004	2496.089506563621	1
B	01	8	a	1347.4854240912234	2595.003619045729	1
B	01	9	o:	1897.641588188053	2716.5635438741847	1
B	02	0	Y	1673.8086860113804	2379.1274585875235	1
B	02	1	a	1245.9079919291016	2410.648248662028	1
B	02	2	E	1338.1088005791116	2544.631920203685	1
B	02	3	I	1393.4416287128536	2495.3269941043827	1
B	02	4	E	1372.3349690835116	2443.095936031311	1
B	02	5	A:	1540.4479897866563	2289.042210978325	1
B	02	6	I	1607.0917862339206	2484.823886381086	1
B	02	7	i:	1386.1748844398128	2514.661877200348	1
B	02	8	u:	1172.632632060823	2349.2249062323335	1
B	02	9	I	1994.9645353929232	2655.3896658199524	1
B	02	10	A:	1002.2402146336111	2572.8562971468696	1
B	02	11	a	1057.34754019266	2771.3923050919416	1
B	02	12	2:	969.6283751579505	2499.3831151273234	1
B	02	13	E	1214.2559980128813	2434.5049801948303	1
B	02	14	U	1491.8701150084958	2392.0771674909265	1
B	02	15	A:	882.3855802424624	2699.2631315119347	1
B	02	16	a	1535.2417217211896	2533.2957669834664	1
B	02	17	a	1201.1296090722672	2588.1955543994263	1
B	02	18	o:	1107.3383240306327	2544.2008692481663	1
B	02	19	O	770.5985700307369	2607.530733057098	1
B	02	20	I	1577.476244011023	2412.4386477973108	1
B	02	21	@	1404.3146952201037	2448.9942135275483	1
B	02	22	E:	1257.098311291446	2415.821823472523	1
B	02	23	@	1372.3867826370997	2464.7526860097532	1
B	02	24	Y	1388.4747530884358	2811.5398375219033	1
B	02	25	a	1348.8526000600752	2552.321955005293	1
B	02	26	o:	1124.4980611227359	2420.9103289653135	1
B	02	27	E	1283.37262277518	2570.6317492988474	1
B	02	28	I	1469.745967586773	2556.4461436720153	1
B	02	29	O	1192.2678616629014	2495.7836378495344	1
B	02	30	A:	1508.458548447761	2500.888329757687	1
B	02	31	I	1973.934648868838	2740.431129790907	1
B	02	32	2:	1234.6609663614458	2537.2916835993237	1
B	02	33	I	1806.6160628056796	2498.090313230279	1
B	02	34	o:	1074.8123484497985	2554.1003272533876	1
B	02	35	i:	1691.9942735490606	2470.204754928169	1
B	02	36	@	1507.1489745122976	2469.123510822114	1
B	02	37	i:	1399.1003394875124	2526.3784516803594	1
B	02	38	u:	1398.4265996563843	2538.857356552433	1
B	02	39	u:	1566.292281197493	2545.68137013093	1
B	02	40	e:	1843.0434667808206	2644.186683587183	1
B	02	41	a	1647.8473621600283	2682.348797272923	1
B	03	0	a	1153.389844715272	2602.3107957706993	1
B	03	1	A:	980.3774921523477	2556.7192003281903	1
B	03	2	a	1254.773217585482	2763.4565406766224	1
B	03	3	I	1514.7751185924628	2721.4622072670318	1
B	03	4	I	1533.9145618268653	2842.670984827368	1
B	03	5	a	1295.0353109940377	2458.1784858495166	1
B	03	6	o:	1063.8763610899457	2423.168540123277	1
B	03	7	O	813.6735894132974	2480.3716485539694	1
B	03	8	A:	977.3404360454886	2540.0524104053807	1
B	03	9	o:	895.0270064601091	2365.7246004097233	1
B	03	10	@	1136.6868743684038	2581.2785238404977	1
B	03	11	o:	1641.6557280288787	2472.481784472626	1
B	03	12	e:	1536.3978066061875	2645.27482176307	1
B	03	13	o:	1070.886833832707	2743.507092943718	1
B	03	14	E:	1283.9014773744602	2551.7156731047585	1
B	03	15	@	1259.2769356179172	2412.3031747049895	1
B	03	16	O	1136.801501100162	2561.9536792633126	1
B	03	17	I	1941.5538071380545	2615.805241128733	1
B	03	18	e:	1445.176025393014	2591.169201066668	1
B	03	19	a	1171.5676207846122	2577.955250849756	1
B	03	20	a	1139.185209979716	2731.356969766676	1
B	03	21	Y	1852.1893895099981	2776.14328614488	1
B	03	22	@	2242.516375272038	--undefined--	0
B	03	23	I	1841.5348214204942	2698.2130267649195	1
B	03	24	a	1132.7634568410106	2617.6395473975704	1
B	03	25	@	1354.8412152539097	2672.9961422766187	1
B	03	26	E	1541.9230148701367	2586.1893591411695	1
B	03	27	a	1458.2573498744732	2433.92248984573	1
B	03	28	e:	1510.4978927818738	2669.0046551532623	1
B	03	29	a	1117.04901889151	2403.996943548387	1
B	03	30	O	1327.3058252888204	2269.1614857081227	1
B	03	31	I	1498.6424640358864	2471.836761174983	1
B	03	32	@	1488.342326917528	2623.331239765339	1
B	04	0	a	1215.2606728063504	2647.6803647162365	1
B	04	1	@	1494.342490550332	2737.154713778735	1
B	04	2	E:	1401.2714152575338	2727.255031740709	1
B	04	3	a	1401.058228713316	2547.485803454631	1
B	04	4	e:	1535.4515701488688	2674.0259931318924	1
B	04	5	a	1327.1940209650222	2462.4538370281557	1
B	04	6	I	1573.4384423490892	2786.677039271909	1
B	04	7	E	1502.1140253372275	2469.78424019504	1
B	04	8	U	1219.368435925937	2333.29685883852	1
B	04	9	A:	903.0247628093517	2710.8635418648782	1
B	04	10	a	1348.4934560463753	2694.8614525650037	1
B	04	11	a	1219.3241928533002	2696.4463377622446	1
B	04	12	o:	937.4156142723135	2525.4800537383126	1
B	04	13	e:	1406.3409530332895	2218.9893280373376	1
B	04	14	E	1477.282868482545	2737.0695490809017	1
B	04	15	u:	1074.2500199411265	2476.762765621122	1
B	04	16	a	1191.8309276987345	2766.162460134047	1
B	04	17	A:	890.878356370991	2585.614003541631	1
B	04	18	O	1263.48355571295	2708.358628303416	1
B	04	19	E	1028.1360822817626	2536.429618803271	1
B	04	20	E	1554.3188085642062	2689.4544392426865	1
B	04	21	@	1336.317957485113	2472.291643989124	1
B	04	22	u:	2020.5008266589086	2112.1851916424325	1
B	04	23	I	2092.8085030489033	2753.3358468296215	1
B	05	0	a	1193.1771957430797	2449.249745109717	1
B	05	1	2	959.6410278962217	2458.425365553084	1
B	05	2	2	1362.9406254356622	2403.9489977784838	1
B	05	3	@	1262.0939367052335	2313.251143147441	1
B	05	4	u:	1091.2347923994964	2469.302701413714	1
B	05	5	u:	1335.6799961329407	2619.28151424239	1
B	05	6	e:	1732.5084473920335	2519.392626490681	1
B	05	7	a	1241.8833062354388	2711.2998459082096	1
B	05	8	a	1538.5873297145074	2667.753347360068	1
B	05	9	e:	1547.1183077460792	2790.9470823001566	1
B	05	10	a	1304.2245926632113	2383.8548409334353	1
B	05	11	@	1333.6483433251344	2803.725762169837	1
B	05	12	O	1057.3574581079995	2681.2429889130726	1
B	05	13	a	1249.5799686756145	2710.220842917336	1
B	05	14	a	1287.3936689562258	2667.944056791664	1
B	05	15	a	1138.7850512842674	2609.7635722207874	1
B	05	16	O	801.5841820546681	2586.3227688023917	1
B	05	17	O	750.5807953417167	2521.957536826987	1
B	05	18	a	1190.3734918081477	2605.6035027769353	1
B	05	19	i:	1944.5823305113327	2648.4474546069528	1
B	05	20	E	1564.2063265377242	2277.496392016856	1
B	05	21	E	1637.0368200859696	2762.8149062332996	1
B	05	22	@	1273.6920510082923	2211.7934563946783	1
B	05	23	a	1086.0656610992567	2565.4354892454135	1
B	05	24	u:	1056.7864039925435	2433.6681124627653	1
B	05	25	a	1188.652208935222	2593.8365877664705	1
B	05	26	A:	787.9714685400115	2442.0461881427887	1
B	05	27	O	914.1441319822661	2660.1370187820708	1
B	05	28	a	1227.2071661779953	2416.17672774805	1
B	05	29	u:	957.5733566692908	2432.7185769761672	1
B	05	30	@	1219.1296846648838	2640.336404277784	1
B	05	31	E:	1272.4281445503082	2681.243626319051	1
B	05	32	e:	1492.7590993190054	2545.273310799434	1
B	05	33	I	1403.979036296511	2417.468085542809	1
B	05	34	2:	1391.1904073985343	2281.6800078336796	1
B	06	0	}:	1729.87932281305	2649.604435828503	1
B	06	1	A:	1136.6789303195758	2428.099517110409	1
B	06	2	a	1202.0044087982226	2719.764499002523	1
B	06	3	e:	1475.427724725971	2815.2184872563794	1
B	06	4	O	809.6258971148407	2439.8184715159155	1
B	06	5	@	1239.550096326938	2609.3772070536966	1
B	06	6	E	1876.9694830752355	2484.2888326231787	1
B	06	7	@	1234.8039808673916	2281.898022730658	1
B	06	8	a	1544.4010934694484	2497.652923497493	1
B	06	9	}:	1712.4370452934377	2605.1819803060644	1
B	06	10	E	1602.5900161775069	2487.83770221784	1
B	06	11	A:	1328.2040913209942	2646.158367080948	1
B	06	12	E	1298.7070185262019	2441.17106315919	1
B	06	13	@	1591.0487047489537	2098.7237554412154	1
B	06	14	a	1422.6129553125277	2408.6559923625464	1
B	06	15	a	1289.9077236755272	2460.271190656374	1
B	06	16	a	1299.1261939077417	1932.0174249075274	1
B	06	17	2:	1147.0081056740505	2804.414464604021	1
B	06	18	I	1806.2061126424271	2565.722108748217	1
B	06	19	I	1427.1314873930435	2796.4466941595592	1
B	06	20	E	1507.4109311131301	2702.0017217163318	1
B	06	21	I	1395.6102415728224	2642.0220139533008	0
B	06	22	a	1271.406066766133	2306.6985253115317	1
B	06	23	a	1373.0248272141457	2668.984022848194	1
B	06	24	u:	1033.0223717518816	2479.4225948755657	1
B	06	25	u:	1811.459086925532	2603.2149787570816	1
B	06	26	e:	1621.7547900741345	2419.022368770675	1
B	06	27	a	1252.7529517706198	2498.187778787241	1
B	06	28	e:	1824.733013591122	2396.875098610393	1
B	06	29	O	982.3988567542242	2500.6806481236904	1
B	06	30	i:	1837.039364451522	2332.3381369434014	1
B	06	31	O	878.5368304567259	2573.894445096455	1
B	06	32	a	1474.8574742504034	2400.6290432245273	1
B	06	33	a	1312.6889524330093	2695.7543824359236	1
B	06	34	E:	1412.0306085741788	2792.251958506359	1
B	06	35	@	1202.7827030059702	2793.8368080018486	1
B	06	36	e:	1533.6111265277616	2349.0984270822887	1
B	06	37	o:	909.8166552702886	2295.2060666823613	1
B	06	38	@	1447.6074112068627	2545.5866025043915	1
B	06	39	a	1657.9582827534125	2584.2724733512064	1
B	06	40	i:	2028.0436511079147	2456.76513222165	1
B	06	41	A:	926.8792932179829	2646.452073248995	1
B	06	42	@	1858.070772122429	2373.3104881126137	1
B	06	43	a	1224.5943311824858	2558.694149686854	1
B	06	44	a	1326.2599809108974	2379.396673890123	1
B	06	45	@	1456.6626717070496	2505.5329016569494	1
B	06	46	2	1393.8959007972142	2432.8948471408544	1
B	06	47	I	1703.7973875205319	2098.178029338503	1
B	06	48	a	1100.469217807212	2364.2199122504408	1
B	06	49	o:	1013.704418447186	2597.2637183796464	1
B	06	50	E:	1274.1315458697952	2267.9537097625616	1
B	06	51	@	1238.1727716041446	2737.590584812802	1
B	06	52	a	1135.7480719902949	2679.9350606606968	0
B	06	53	u:	1190.2618723769351	2416.5145315022605	1
B	06	54	u:	964.0284196087284	2544.6155270976105	1
B	06	55	u:	1841.30092412532	2583.2076229172017	0
B	06	56	e:	1676.1195139787721	2627.593460122141	1
B	06	57	a	2073.922679686786	2756.183141183212	1
B	07	0	a	1214.5370976216948	2602.5207218659475	1
B	07	1	I	1889.4496894076951	2472.5826733031295	1
B	07	2	a	1326.5099438394368	2403.972224587828	1
B	07	3	u	1059.0439644473356	2520.376212186621	1
B	07	4	I	1809.276984598705	2464.587628904881	1
B	07	5	I	1470.9898723999156	2582.9143285857713	1
B	07	6	E:	1425.7979540499562	2548.480880779607	1
B	07	7	Y	1968.0880459601797	2530.87946123604	1
B	07	8	E	1865.0362519442397	2474.720013613422	1
B	07	9	i:	2016.4085181606151	2542.1021028890505	1
B	07	10	E:	1338.8360016625898	2424.053533834964	1
B	07	11	e:	2220.7115594174234	2628.9008894865756	1
B	07	12	e:	2076.092029611627	2618.4416398060994	1
B	07	13	I	1364.4154079827317	2358.839007373727	1
B	07	14	2:	1202.1545367278582	2100.1892753598813	1
B	07	15	i:	1720.6966295258303	2564.876245966991	1
B	07	16	E	1486.981335361379	2680.679594577149	1
B	07	17	E:	1328.4409859483424	2300.9256471274716	1
B	07	18	I	1972.1251403839942	2563.1274207887254	1
B	07	19	u	1371.0215498789248	2488.864336261865	1
B	07	20	a	1094.8800201424476	2490.671956729179	1
B	07	21	u:	862.9854108521557	2522.459545055536	1
B	07	22	@	1551.7237780273474	2452.0113209795736	1
B	08	0	e:	1578.880908269482	2419.2270859913433	1
B	08	1	e:	1531.5180584764917	2389.678299191983	1
B	08	2	@	1537.679107342341	2577.896520313277	1
B	08	3	I	1888.7693475030421	2569.7906253829738	1
B	08	4	@	1986.7801525099042	2293.77656517167	0
B	08	5	A:	1282.1155404230108	2622.723462140254	1
B	08	6	E	1831.8689310642344	2519.7988027830893	1
B	08	7	@	1827.3487967338858	2442.2897567108234	1
B	08	8	u:	1236.1948296416986	2379.5414522525575	1
B	08	9	I	2223.804438770319	2590.7820068891815	1
B	09	0	a	1250.63840597918	2480.592090487508	1
B	09	1	i:	1900.7031564541078	2741.8291734130244	1
B	09	2	I	1757.5812244994988	2551.017129457604	1
B	09	3	I	1973.8184590053006	2526.5499149589223	1
B	09	4	I	1777.838274716466	2411.8406653726274	1
B	09	5	a	1262.2617944997032	2419.8258964209663	1
B	09	6	E	1819.0502057759738	2671.9203437272045	1
B	09	7	@	1378.6979451149639	2340.1613152049276	1
B	09	8	o:	895.5473187873841	2389.831818241655	1
B	09	9	a	1018.1562084474474	2548.8614784712086	1
B	09	10	E	1437.130276414007	2186.099392114556	1
B	09	11	U	949.6115882318777	2408.7655702124994	1
B	09	12	u	1050.1511526874879	2409.9488245120833	1
B	09	13	a	1126.4610245430622	2403.882932089804	1
B	09	14	E	1391.812256145329	2302.3694773359575	1
B	09	15	O	1241.9008078137208	2590.7400589691692	1
B	09	16	i:	1882.2305949248614	2532.87618667082	1
B	09	17	@	1560.3320219457812	2450.4264175511316	1
B	09	18	E:	1436.6942729195762	2481.18141620249	1
B	09	19	o:	867.2787010460877	2434.898448018456	1
B	09	20	E:	1640.8793748422825	2590.1781964453526	1
B	09	21	a	1305.1673574216502	2452.339057531699	1
B	09	22	a	999.0587715661242	2498.502773367686	1
B	09	23	a	1336.6474224870183	2498.247458775121	1
B	09	24	e:	1926.6998432079936	2415.268386586681	1
B	10	0	E	1258.3531727551865	2331.0347960140525	1
B	10	1	y:	1543.7486451069856	2593.9315345802956	1
B	10	2	O	869.3149681499057	2298.835857674844	1
B	10	3	E	1548.3478519732964	2567.021013192972	1
B	10	4	A:	1049.0077960624599	2504.065625313838	1
B	10	5	a	1248.0044530566374	2411.5801282432085	1
B	10	6	O	928.8834308799305	2493.9134402234745	1
B	10	7	a	1439.531636140936	2373.953805898981	1
B	10	8	A:	904.5176651673789	2562.2705402530355	1
B	10	9	e:	2050.321207318953	2511.9875612230608	1
B	10	10	O	1196.6927016251384	2181.467197980574	1
B	10	11	2:	901.8803297415707	2576.2678161503104	1
B	10	12	y:	2097.6612715764186	2571.91686808415	1
B	10	13	a	1152.155238432872	2479.9579237418975	1
B	10	14	u:	1342.037896036142	2453.0510343639453	1
B	10	15	a	1121.9786118797638	2467.1461408798064	1
B	10	16	2:	1225.533466778402	2414.754203920948	1
B	10	17	I	1873.9810592619278	2481.576062622748	1
B	10	18	a	1097.7373264180999	2413.593557227151	1
B	10	19	o:	945.7907292117262	2476.775597045495	1
B	10	20	A:	990.8113221177663	2460.8659302581787	1
B	10	21	a	1152.534964894865	2338.2115768126528	1
B	10	22	E	1654.888847583074	2492.0849050602505	1
B	10	23	@	1046.3514339202013	2512.635576558359	1
B	10	24	a	1167.8406056262427	2657.651954516253	1
B	10	25	u:	925.9349156025897	2554.404694432469	1
B	10	26	u:	1884.6899236987344	2538.1520301589794	1
B	10	27	e:	1457.1210520572313	2396.083466060746	1
B	10	28	a	1222.9780164452168	2490.838555849855	1
B	10	29	e:	1604.5537018835407	2627.974744999034	1
B	10	30	O	1286.9326505705776	2790.7758550388644	0
B	10	31	2:	1261.839382403221	2222.585678887011	1
B	10	32	@	2253.108379129313	2474.2721466232433	1
B	10	33	I	2162.8903906335454	2528.0092684323185	1
B	10	34	i:	1946.0194259143657	2524.233997713637	1
B	10	35	I	2203.537837149638	2469.489982950185	1
B	10	36	a	958.5474002606695	2486.0649353436593	1
B	10	37	u	1616.3609042155674	2244.286065815257	1
B	10	38	a	1073.0087277355703	2148.418791602649	1
B	10	39	@	1449.6353490966908	2368.9660662541432	1
B	10	40	E:	1560.6042423055017	2690.849491461894	1
B	10	41	a	1312.2660886142578	2448.6904845662107	1
B	10	42	@	1431.6204482849878	2506.3338728106974	1
B	10	43	E	1908.3453621293106	2426.055882343658	1
J	01	0	u:	1163.7670707135962	2458.6944574120694	1
J	01	1	I	1720.1883178474584	2219.5664419167706	1
J	01	2	A:	1023.156334000197	2287.573736715247	1
J	01	3	a	1246.5405813347895	2132.0988239438243	1
J	01	4	2	1347.5946090947848	1906.7580897571336	1
J	01	5	U	1190.7988635919942	2234.8652163394872	1
J	01	6	A:	1006.8776111358977	2395.585805321049	1
J	01	7	a	1301.8515268007213	2234.4154683638253	1
J	01	8	a	1106.2713867083976	2484.655842770562	1
J	01	9	o:	919.8775498063458	2525.907002495064	1
J	02	0	Y	1606.1970406594812	2367.910283662584	1
J	02	1	a	1171.7068420067876	2374.629407663696	1
J	02	2	E	1415.0854038625373	2394.655928715377	1
J	02	3	I	1436.9985484978592	2484.1751595484247	1
J	02	4	E	1349.1622452156942	2410.177578417664	1
J	02	5	A:	1200.07643032803	2455.685085381648	1
J	02	6	I	1470.4632316089549	2449.8649081908907	1
J	02	7	i:	1694.3773958920376	2216.690745403151	1
J	02	8	u:	1071.4921719201648	2428.976459259632	1
J	02	9	I	1611.4583510807984	2174.4800744376385	1
J	02	10	A:	1001.0765175187668	2237.405416845025	1
J	02	11	a	1264.8388039838794	2248.3829106767002	1
J	02	12	2:	1390.1735272675096	1886.4800539360358	1
J	02	13	E	1559.3459573164214	2063.9644549034288	0
J	02	14	U	1265.1274799271666	2276.2966767628404	1
J	02	15	A:	999.3965737102813	2424.40751139089	1
J	02	16	a	1340.9278279996538	2127.2296918822944	1
J	02	17	a	1229.4735736916286	2615.30064130583	1
J	02	18	o:	961.9392300595904	2315.4306674583813	1
J	02	19	O	970.5993287015008	2252.5053437672677	1
J	02	20	I	1574.1954754715691	2000.6179833756464	1
J	02	21	@	1361.9726642706094	2297.0502709249618	1
J	02	22	E:	1288.522695987181	2378.354531574031	1
J	02	23	@	1444.6513008713405	2309.1411222990155	1
J	02	24	Y	1649.8936637602073	2290.317249708292	1
J	02	25	a	1366.509998792655	2307.7281630744974	1
J	02	26	o:	960.4640007681238	2409.479536110625	1
J	02	27	E	1173.0339461994433	2212.8632787844135	1
J	02	28	I	1481.6293175658732	1988.0886667764184	1
J	02	29	O	1169.0805617838084	2209.2433311760205	1
J	02	30	A:	1005.5582592191123	2600.05651766234	1
J	02	31	I	1504.9728653772743	2406.434525358393	1
J	02	32	2:	1287.2861170507158	2277.4202103489984	1
J	02	33	I	1676.3538102731118	2021.1996473773488	1
J	02	34	o:	1117.916858792829	2232.969150411868	1
J	02	35	i:	1873.1426595399228	2523.617442530837	1
J	02	36	@	1444.9856032344449	2184.3653356500063	1
J	02	37	i:	1798.488313759744	2170.488627223935	1
J	02	38	u:	1191.239482401861	2373.368179101745	1
J	02	39	u:	1316.657773970885	2030.2550597881768	1
J	02	40	e:	1859.1584158278756	2270.6935870591815	1
J	02	41	a	1500.7357943666095	2261.5744374564943	1
J	03	0	a	1131.548052225453	2332.3813519243135	1
J	03	1	A:	1056.8554585192155	2403.9133871096033	1
J	03	2	a	1251.4667787329897	2383.7844578536187	1
J	03	3	I	1619.5806388471347	2206.0986573217906	1
J	03	4	I	1704.4311230750216	2213.503743503496	1
J	03	5	a	1484.6116853883236	2094.4044979915916	1
J	03	6	o:	988.6552999607758	2330.2742872679037	1
J	03	7	O	1081.1766904661104	1934.2155713202706	1
J	03	8	A:	971.9053018203316	2433.0449968948756	1
J	03	9	o:	1067.265033500473	2404.207568426753	1
J	03	10	@	1396.379137424038	2343.9370370710603	1
J	03	11	o:	1351.3812106282537	2390.53918677642	1
J	03	12	e:	1638.267010539333	2137.5077175083047	1
J	03	13	o:	1276.8164922710425	2476.7310809245905	1
J	03	14	E:	1449.8579894831569	2102.3842527669376	1
J	03	15	@	1455.7523107819486	2344.327947433391	1
J	03	16	O	1280.2128071950017	2268.4154811281505	1
J	03	17	I	1584.2936177354597	2226.8159036336506	1
J	03	18	e:	1730.2303889036139	2329.961820603531	1
J	03	19	a	1480.3957948607879	2137.9588188613407	1
J	03	20	a	1334.492236814749	2331.597383912053	1
J	03	21	Y	1673.3174219878124	2230.4530023126763	1
J	03	22	@	1583.4406352879862	2206.1022742351397	1
J	03	23	I	1744.7859302495854	2286.9553188332884	1
J	03	24	a	1458.6402108349705	2277.7846410462957	1
J	03	25	@	1484.8692525816707	2284.8854648555957	1
J	03	26	E	1493.2237326880318	2386.5838501692438	1
J	03	27	a	1479.5279350596245	2351.4887110439113	1
J	03	28	e:	1666.1623027469755	2196.7288267526833	1
J	03	29	a	1442.9936747818433	2073.9899941444373	1
J	03	30	O	1109.2412492143662	2210.0223360534847	1
J	03	31	I	1705.2774308458447	2227.0588437602837	1
J	03	32	@	1237.512783738283	2298.0630302750137	1
J	04	0	a	1079.048050987942	2698.1600847628297	1
J	04	1	@	1369.211803481872	2519.8099083850448	1
J	04	2	E:	1454.7093223675643	2082.4943105369784	1
J	04	3	a	1428.200481637568	2239.472751249771	1
J	04	4	e:	1618.2865288355458	2211.5206015284807	1
J	04	5	a	1299.0252427701616	2450.909259391758	1
J	04	6	I	1644.3195436344147	2226.1109066966424	1
J	04	7	E	1746.3097700508947	2097.6291633907185	0
J	04	8	U	1179.3639232283701	2300.510031449157	1
J	04	9	A:	1029.493927257001	2397.598272174588	1
J	04	10	a	1324.7872204904677	2188.395503780977	1
J	04	11	a	1117.842537351559	2592.4734325376708	1
J	04	12	o:	958.1849518819749	2503.137395728253	1
J	04	13	e:	1480.815920772224	2242.7923133982226	1
J	04	14	E	1498.9610947139854	2409.8116382655003	0
J	04	15	u:	1261.894437462178	2338.73185505936	1
J	04	16	a	1147.9308345387801	2229.6789118796987	1
J	04	17	A:	1077.440708488395	2590.247720339482	1
J	04	18	O	902.3455627604329	2714.000658972094	1
J	04	19	E	1432.82067828503	2241.359283533824	1
J	04	20	E	1737.8514535492866	2341.296755962102	1
J	04	21	@	1667.5835575365948	2094.8746239769457	1
J	04	22	u:	1145.0004171481726	2345.9095898913406	1
J	04	23	I	1555.5248219711411	2163.200850819924	1
J	05	0	a	1128.6735174323585	2235.352364881316	1
J	05	1	2	1306.7097085493333	1963.2490422490537	1
J	05	2	2	1252.0280260095537	2294.3516190070204	1
J	05	3	e:	1416.0637072640636	2207.188187290958	1
J	05	4	u:	1362.7891051139652	2431.5061150661604	1
J	05	5	u:	1303.9693041737453	2009.6238692595514	1
J	05	6	e:	1742.4738009878697	2134.3942300220783	1
J	05	7	a	1472.2922574302515	2285.4942318282992	1
J	05	8	a	1514.5241034789738	2437.4918698180286	1
J	05	9	e:	1720.3321267514846	2231.7769529573893	1
J	05	10	a	1289.7926126636373	2355.764101565178	1
J	05	11	@	1444.894288012054	2249.986265786398	1
J	05	12	O	1123.0583263661454	2323.844135335804	1
J	05	13	a	1208.048387168951	2231.17226112631	1
J	05	14	a	1297.4791517569868	2245.2404246042433	1
J	05	15	a	1238.8195255244088	2363.4900989035377	1
J	05	16	O	1176.2858615691994	2356.7689347164296	1
J	05	17	O	1042.083179475265	2378.208560279473	1
J	05	18	a	1425.6262726688606	2245.5189347004234	1
J	05	19	i:	1821.5093962528945	2508.038603877207	1
J	05	20	E	1347.5284630292688	2314.9358234391084	1
J	05	21	E	1649.8139626193051	2314.279638568369	1
J	05	22	@	1647.1795383091535	2104.0033736412793	1
J	05	23	a	1317.0313679162023	2276.168909159877	1
J	05	24	u:	1361.2962435954025	2066.7761725683877	1
J	05	25	a	1278.9454697082065	2419.919527854526	1
J	05	26	A:	1069.3466339277359	2266.1139405183103	1
J	05	27	O	1039.5227376387404	2408.9947955599373	1
J	05	28	a	1384.6337521985524	2029.0912830795519	1
J	05	29	u:	1058.7772343025026	2374.346926464213	1
J	05	30	@	1298.6838415390093	2267.2435848177925	1
J	05	31	E:	1472.3863112390172	2140.1884474759804	1
J	05	32	e:	1774.3820899034608	2076.8381815004977	1
J	05	33	I	1721.46531057418	2121.844845612311	1
J	05	34	2:	1224.9784963121976	2238.244532805883	1
J	06	0	}:	1491.527385214526	2162.3965458950265	1
J	06	1	A:	1036.1470440326345	2510.1871534826128	1
J	06	2	a	1180.394547149742	2245.067894811677	1
J	06	3	@	1318.1599306519004	2361.968967314843	1
J	06	4	O	1000.593968210907	2218.4188481197784	1
J	06	5	@	1349.4366928650052	2104.0446975664477	1
J	06	6	E	1454.4263919907753	2067.4443078118056	1
J	06	7	@	1161.3119908372066	2404.6053439914613	1
J	06	8	a	1174.9811355540078	2495.3956152057926	1
J	06	9	}:	1359.1337184035763	2127.1659065279227	1
J	06	10	E	1367.9131500247363	2238.2915610329865	1
J	06	11	A:	1092.74249334857	2504.8942219048354	1
J	06	12	E	1462.1068366210375	2232.9322366180836	1
J	06	13	@	1307.5628467886565	2263.858614470391	1
J	06	14	a	1183.9175359696326	2286.986462062778	1
J	06	15	a	1096.8319152077913	2548.62657867418	1
J	06	16	a	1203.9454179153947	2546.3879154637143	1
J	06	17	2:	1320.2715408520655	2183.543007101032	1
J	06	18	I	1793.2394599953416	2260.7056561300765	1
J	06	19	I	1781.3100840132681	2398.392895976435	1
J	06	20	a	1270.409058586192	2434.3094845423866	0
J	06	21	e	1629.2256303573765	2244.4773759100563	0
J	06	22	a	1371.7304387988027	2184.5200570400707	1
J	06	23	a	1271.905317190528	2231.053818858889	1
J	06	24	u:	997.2878229618884	2381.615026955032	1
J	06	25	u:	1532.7860329243154	2043.8930154159762	1
J	06	26	e:	1875.182225130011	2389.524144825502	1
J	06	27	a	1607.1139137136015	2284.0593393743925	1
J	06	28	e:	1617.719440377035	2076.2669890589327	1
J	06	29	O	1123.6945753383666	2229.778051028656	1
J	06	30	i:	1931.9131336266012	2458.473534864843	1
J	06	31	O	1051.3646486759415	2261.968248928942	1
J	06	32	a	910.5776682696419	2323.9920126149427	1
J	06	33	a	1111.131490484076	2302.3619178702147	1
J	06	34	E:	1388.5136130970072	2192.4666988496415	1
J	06	35	@	1708.878818820237	1985.098414170244	0
J	06	36	e:	1494.3108625942439	2216.545159741386	1
J	06	37	o:	1043.1540870123379	2343.0962600365383	1
J	06	38	@	1327.2540634840784	2405.4498149498077	1
J	06	39	a	1182.965727221913	2663.393142516509	1
J	06	40	i:	1939.0107909069359	2733.7415219261093	1
J	06	41	A:	1277.4109149813155	2227.362975025399	1
J	06	42	@	1517.6979954303772	2337.3633876727513	1
J	06	43	a	1307.5550460042098	2289.4558039899575	1
J	06	44	a	1374.8730505966505	2177.664822064485	1
J	06	45	@	1307.5049946205022	2316.3383149679007	1
J	06	46	2	1619.240207542466	2061.978525623661	1
J	06	47	I	1661.5010923819593	2168.2859309105415	1
J	06	48	a	1292.8655298409155	2165.0540432052203	1
J	06	49	o:	1010.424064015297	2536.688180128798	1
J	06	50	E:	1453.8202951153855	2151.049733199573	1
J	06	51	@	1434.3504547221212	2431.972386611189	1
J	06	52	a	1186.795252394336	2478.483442245482	1
J	06	53	u:	831.4252553502316	2576.626088491531	1
J	06	54	u:	1070.4937822401737	2523.0579709514996	1
J	06	55	u:	1549.0337049171019	2197.5930641513346	1
J	06	56	e:	1925.7636419624628	2382.847175257601	1
J	06	57	a	1424.7208198931255	2258.636050712221	1
J	07	0	a	1304.154018544266	2192.1159433697035	0
J	07	1	I	1762.9421459800362	2343.46674348311	1
J	07	2	a	1415.6655564043747	2105.948637272897	1
J	07	3	u	1322.4768664789267	2185.773246298837	1
J	07	4	I	1605.4278366970993	2202.9899719775503	1
J	07	5	I	1596.2607004034978	2304.0627841069445	1
J	07	6	E:	1351.2063874250575	2336.948439761775	1
J	07	7	Y	1569.3818228176335	2321.7942330402484	1
J	07	8	e:	1587.5113576746446	2422.3256478918593	1
J	07	9	i:	1924.037325321912	2507.6667981785035	1
J	07	10	E:	1740.6345183366086	2332.8627677146915	1
J	07	11	e:	1664.2801299356524	2428.49012452907	1
J	07	12	e:	1584.9538760722035	2092.670581322738	1
J	07	13	I	1599.6331838316426	2226.6690792724853	1
J	07	14	2:	1257.20728205358	2290.982153429256	1
J	07	15	i:	1381.38181669782	2281.2499444391956	0
J	07	16	E	1426.4950579132935	2244.380053200832	1
J	07	17	E:	1379.225013928357	2164.6164376274496	1
J	07	18	I	1610.079393265259	2124.9411924818846	1
J	07	19	u	1280.095305121691	2225.319573702526	1
J	07	20	a	1149.1386903156927	2175.530278911107	1
J	07	21	u:	1040.9898380079596	2339.826418060174	1
J	07	22	@	1185.9438007258711	2362.114736356808	1
J	08	0	e:	1628.3863766889176	2321.7174908341804	1
J	08	1	e:	1788.3542528509665	2039.7502853218282	1
J	08	2	@	1506.0227145514737	2311.267101705148	1
J	08	3	I	1805.55720909062	2415.607473386005	1
J	08	4	@	1597.0989831482298	2150.334472065503	1
J	08	5	A:	1168.9274247749784	2223.729441564061	1
J	08	6	E	1762.4368976519577	2329.7782926509035	1
J	08	7	@	1742.2505548632078	2183.9298581741705	1
J	08	8	u:	1515.7057788522723	2393.0745154435394	1
J	08	9	I	1454.0953509735846	2292.495771192756	1
J	09	0	a	1198.6841871619715	2339.6229087350166	1
J	09	1	i:	1830.908256542027	2307.728662800784	1
J	09	2	I	1671.7382461876996	2187.7605535829157	1
J	09	3	I	1628.7180814644632	2251.3471693347683	1
J	09	4	I	1901.137507868316	2504.9270460720886	1
J	09	5	a	1518.8075883202487	2229.9259586683706	1
J	09	6	E	1668.1550935630403	2292.7982393082066	1
J	09	7	@	1621.1201829639572	2191.394596092389	1
J	09	8	o:	1041.8052178648095	2412.8700408164273	1
J	09	9	a	1161.6869295029921	2416.6572347810106	1
J	09	10	E	1408.2410254152496	2332.8081646083147	1
J	09	11	u:	1152.2922085178952	2492.9422462940684	1
J	09	12	u	1239.617599276861	2428.657245262589	1
J	09	13	a	1360.974244595327	2275.6610424397118	1
J	09	14	E	1519.3132297386237	2318.3271780685036	1
J	09	15	O	1379.3656837579204	2175.5183438747717	1
J	09	16	i:	1909.575783819233	2586.9057946126372	1
J	09	17	@	1568.308864157109	2241.8688294062686	1
J	09	18	E:	1366.486096813101	2260.8378315174864	1
J	09	19	o:	1149.9441402362456	2267.32422243739	1
J	09	20	E:	1469.3317566647356	2190.6379676626325	1
J	09	21	a	1488.4256523573824	2290.5938416231543	1
J	09	22	a	1284.6187588972678	2185.165465385408	1
J	09	23	a	1109.8460429920506	2528.3483631989543	1
J	09	24	e:	1702.4072761029356	2186.1652866752192	1
J	10	0	E	1397.6929875241278	2315.581111123419	1
J	10	1	y:	1747.708769322901	2345.1940232628212	1
J	10	2	O	1289.7548354161763	2037.130331241985	1
J	10	3	E	1529.2298352927062	2007.5437752151317	1
J	10	4	A:	1211.7811031892502	2206.444469394761	1
J	10	5	a	1363.303519556661	2206.09943659304	1
J	10	6	O	982.7338297206943	2603.8667456636545	1
J	10	7	a	1147.5787894479981	2363.9076068865816	1
J	10	8	A:	1407.7435983546472	2187.34369791333	1
J	10	9	e:	1608.2148635015128	2154.5409773583115	1
J	10	10	O	1059.8729205642217	2196.6640521009767	1
J	10	11	2:	1328.5160887463267	2076.5001626895673	1
J	10	12	y:	1725.6764514843346	2195.051278677898	1
J	10	13	a	1549.8814822966754	2394.2619110691558	1
J	10	14	u:	1039.7665584427405	2389.2581236670035	1
J	10	15	a	1227.6350825250058	2268.2367706201862	1
J	10	16	2:	1191.4290167041383	2304.905166299057	1
J	10	17	I	1803.7553151733941	2179.853994833082	1
J	10	18	A:	1463.2424323217026	2155.952889882058	1
J	10	19	o:	910.069838451946	2364.09902806944	1
J	10	20	A:	1105.5870139058914	2376.998325060828	1
J	10	21	a	1405.5211228410685	2168.318684117548	1
J	10	22	E	1502.319571058312	2206.487686143867	1
J	10	23	@	1361.219054276105	2272.6805864273315	1
J	10	24	a	1276.73037496442	2301.4767949111597	1
J	10	25	u:	1203.2054976179852	2339.882015484018	1
J	10	26	u:	1312.2262073092977	2225.6317126305084	1
J	10	27	e:	1850.134451120238	2322.5541768710495	1
J	10	28	a	1720.2269398832807	2366.743389064482	1
J	10	29	e:	1672.6547981593383	2326.579052507913	1
J	10	30	O	1386.5174897508446	2414.538867351982	1
J	10	31	2:	1250.3615002416075	2166.264618847104	1
J	10	32	@	1512.5800056382254	2394.353672376645	1
J	10	33	I	1601.034854515789	2256.9646650594464	1
J	10	34	i:	1870.3962032763684	2610.852382744821	1
J	10	35	I	1571.4458489961523	2274.679718977934	1
J	10	36	a	1267.334507873887	2437.0832590418486	1
J	10	37	u	1335.6480856188416	2207.6809984880297	1
J	10	38	a	1255.0655021180871	2358.444213905806	1
J	10	39	@	1464.0963403436815	2380.359867000368	1
J	10	40	E:	1344.569630566737	2348.9023178601033	1
J	10	41	a	1047.1347359704844	2528.4248678216472	1
J	10	42	@	1390.602200347605	2148.5580307251817	1
J	10	43	E	1454.6589373482275	2311.5296809978345	1
O	01	0	u:	856.0178437946827	2361.0517538972194	1
O	01	1	I	1863.7457650010838	2739.4934556840053	1
O	01	2	A:	874.3833868264269	2487.620168679275	1
O	01	3	a	1299.4385711250798	2526.2194121818643	1
O	01	4	2	1109.3709281503736	2484.361427171821	1
O	01	5	U	1126.033848458655	2421.519083162096	1
O	01	6	A:	815.4206193057895	2683.0845619901484	1
O	01	7	a	1441.593979427483	2601.088288899788	1
O	01	8	a	1250.556834792646	2822.502707669754	1
O	01	9	o:	1126.694663646597	2498.786554246523	1
O	02	0	Y	1828.6100301255917	2335.89894732226	1
O	02	1	a	1472.372246433596	--undefined--	1
O	02	2	E	1529.3917774238062	2730.0937836104454	1
O	02	3	I	1516.5686493043884	2586.427392777984	1
O	02	4	E	1402.9982618326753	2687.7542492914595	1
O	02	5	A:	1305.954031590523	2782.3907529981616	1
O	02	6	I	1541.189898238406	2935.232355395327	1
O	02	7	i:	1853.678609025947	2508.3038481297503	1
O	02	8	u:	925.2287119790454	2403.596139411261	1
O	02	9	I	1699.4685724561946	2603.4341123600448	1
O	02	10	A:	900.5785204102243	2475.551394228714	1
O	02	11	a	1363.9966508981254	2778.7642244599697	1
O	02	12	2:	1144.2487797802214	2548.3214950849388	1
O	02	13	E	1757.529107668629	2484.5087814469694	1
O	02	14	U	1170.269236518084	2423.779735569509	1
O	02	15	A:	845.9934258134907	2609.260520422271	1
O	02	16	a	1501.6011433711155	2577.8168809162726	1
O	02	17	a	1232.5578868267728	2856.5299753087897	1
O	02	18	o:	770.2275346862795	2326.9008761721266	1
O	02	19	o:	813.2538703051838	2843.047355415325	1
O	02	20	I	2308.765025070751	--undefined--	1
O	02	21	@	1654.0711446928292	--undefined--	1
O	02	22	E:	1338.7044438926755	2370.785065220017	1
O	02	23	@	1529.306872250606	2752.224388140422	1
O	02	24	Y	1941.1029810454927	2648.9282619252167	1
O	02	25	a	1517.7725369726209	2566.9169093317246	1
O	02	26	o:	786.4539045693739	2636.473605773562	1
O	02	27	E	1281.9734292581945	2681.4553445428137	1
O	02	28	I	2297.705728150642	2713.101657827506	1
O	02	29	O	1160.7501679021632	2487.3847260508123	1
O	02	30	A:	966.9198887571653	2811.7480910873887	1
O	02	31	I	1792.3805709802593	2424.37848761935	1
O	02	32	2:	1309.8000077209929	2609.026714434861	1
O	02	33	I	2199.3735101776147	--undefined--	1
O	02	34	o:	990.9486705917607	2382.365176723023	1
O	02	35	i:	1808.382833770046	2729.3834478315675	1
O	02	36	@	1481.3873259104666	2846.731406355103	1
O	02	37	i:	1814.1517636419217	--undefined--	1
O	02	38	u:	956.0128221086479	2448.1741940041506	1
O	02	39	u:	1153.4745948117761	2517.4453115149554	1
O	02	40	e:	2059.2414111387534	2621.680677967349	1
O	02	41	a	1558.5465974830474	2512.479698922291	1
O	03	0	a	1224.0084543208766	2811.413693661299	1
O	03	1	A:	831.8368788947315	2778.3163367867705	1
O	03	2	a	1246.2357856020355	2836.974730404755	1
O	03	3	I	1236.5014390385634	2664.0517678002816	1
O	03	4	I	1932.9973021097487	2818.482602322474	1
O	03	5	a	1584.754322265355	2817.8224583628926	1
O	03	6	o:	765.8505908938386	2560.6072474997595	1
O	03	7	O	850.3842452457309	2427.5535502197285	1
O	03	8	A:	833.7204814760279	2465.761434192931	1
O	03	9	o:	880.6609434381103	2311.564625184139	1
O	03	10	@	1429.0494247157142	--undefined--	1
O	03	11	o:	916.9182215712815	2517.353048747718	1
O	03	12	e:	2055.073371603361	2596.225563176791	1
O	03	13	o:	814.0519347590922	2565.2899851297866	1
O	03	14	E:	1493.4374421617308	2418.0961007187243	1
O	03	15	@	1622.9368680163159	2698.57583757128	1
O	03	16	O	1074.8619401896729	2660.372121920681	1
O	03	17	I	1746.0927045883784	2559.992078552809	1
O	03	18	e:	2145.6558503470023	2692.057826906554	1
O	03	19	a	1583.4627468264246	2500.285854056673	1
O	03	20	a	1462.87123107779	2544.085115904071	1
O	03	21	Y	2167.7648884733926	2547.262956685008	1
O	03	22	@	1795.2704465104907	2831.7225629883583	1
O	03	23	I	2192.428907916138	--undefined--	1
O	03	24	a	1837.2103963061193	2437.7977475087496	1
O	03	25	@	1660.7023340129913	2520.6087939324702	1
O	03	26	E	1810.2357794617749	2523.855235644688	1
O	03	27	a	1658.7512653303866	2532.724154396294	1
O	03	28	e:	1985.8586468122435	2685.014118306699	1
O	03	29	a	1526.7803319207237	2624.7879979452273	1
O	03	30	O	1081.9653139287705	2716.887594210879	1
O	03	31	I	2141.8165507011713	2791.686232857643	1
O	03	32	@	1352.3987240112983	2725.6405552792035	1
O	04	0	a	1282.7197238491376	--undefined--	1
O	04	1	@	1482.9168055409548	--undefined--	1
O	04	2	E:	1485.6474087897452	2659.6939768221414	1
O	04	3	a	1669.666843141175	2716.956921789158	1
O	04	4	e:	1899.854051072011	2565.9983133107025	1
O	04	5	a	1345.2077000285026	2719.0944866864684	1
O	04	6	I	1613.533945092164	2679.218497273087	1
O	04	7	E	2116.324260035299	2566.541596737405	1
O	04	8	U	1051.0235170482636	2502.2903230210372	1
O	04	9	A:	793.927240507127	2714.7861385629203	1
O	04	10	a	1519.0347964933146	2536.9994783241996	1
O	04	11	a	1216.8739915402764	2822.7696457838165	1
O	04	12	o:	794.8012380103374	2477.128618035314	1
O	04	13	e:	1842.56720311348	2497.01926479464	1
O	04	14	E	1364.2468886318302	2691.0942590923196	1
O	04	15	u:	960.157841482646	2423.069681354966	1
O	04	16	a	1298.8365942372197	--undefined--	1
O	04	17	A:	1127.438490063192	2748.3028573376196	1
O	04	18	O	748.985610805672	2614.8442509319852	1
O	04	19	E	1341.7777424121632	2550.1729867481463	1
O	04	20	E	1692.7095101584257	2783.215357685676	1
O	04	21	@	1791.5224676612445	2629.406517372591	1
O	04	22	u:	937.9682719822329	2466.1749221155083	1
O	04	23	I	1588.3425300822025	2680.713000027357	1
O	05	0	a	1038.4784643482376	2828.7720401881743	1
O	05	1	2	1255.658266892999	2366.838527867958	1
O	05	2	2:	1433.5690430544225	2512.5384785158517	1
O	05	3	e:	1402.8759506662254	2692.620995761172	1
O	05	4	u:	1010.5254071983868	2442.553968885147	1
O	05	5	u:	1315.8777719683023	2455.3929580859253	1
O	05	6	e:	2209.0032124423274	2547.921325984216	1
O	05	7	a	1764.5461086875687	2762.509298037637	1
O	05	8	a	1783.3391691896584	2502.2983221155746	1
O	05	9	e:	2141.9005949606167	2612.656571404789	1
O	05	10	a	1387.6045601577666	2724.289819585137	1
O	05	11	@	1386.5761425928629	--undefined--	1
O	05	12	O	982.5495682772857	2638.4157234501176	1
O	05	13	a	1232.8760873900292	2798.066263745393	1
O	05	14	a	1324.4904537652553	2764.875368327729	1
O	05	15	a	1198.7892183753731	2751.7188024937823	1
O	05	16	O	1017.0456695364364	2404.8681303418707	1
O	05	17	O	799.1819643703723	2474.95381684143	1
O	05	18	a	1634.9312181149764	2506.9521592137085	1
O	05	19	i:	1729.9838012848672	2869.1049996445377	1
O	05	20	E	1467.011502006332	2863.1894100989234	1
O	05	21	E	1749.9454963506719	--undefined--	1
O	05	22	@	1751.3889179465173	2832.839745413315	1
O	05	23	a	1298.7521973533321	2817.19558121013	1
O	05	24	u:	745.2135040791634	2508.128008493972	1
O	05	25	a	1340.5749420918382	2637.5583124703285	1
O	05	26	A:	1107.7666404997553	2464.663640828549	1
O	05	27	O	1021.8322192837628	2646.3456707688883	1
O	05	28	a	1398.7641853268672	2441.205998211911	1
O	05	29	u:	791.2236716053089	2419.482973264749	1
O	05	30	@	1500.7825674763606	2568.509580278903	1
O	05	31	E:	1327.322407569935	2476.7384978632044	1
O	05	32	e:	2137.961553470675	2699.2787852518973	1
O	05	33	I	2214.6832892840666	--undefined--	1
O	05	34	2:	1320.8465738041382	2605.3695125378117	1
O	06	0	}:	1699.9861511935478	2557.580836608173	1
O	06	1	A:	822.3562801191698	2468.3870180995546	1
O	06	2	a	955.8834455813995	2749.42861116148	1
O	06	3	@	1312.9628001826838	2837.4994384608476	1
O	06	4	O	821.1291340411707	2349.8618391369932	1
O	06	5	@	1513.8546124278573	2490.9889017907717	1
O	06	6	E	1801.0589246059612	2553.58995007389	1
O	06	7	@	1426.3877125735883	2663.730031481874	1
O	06	8	a	1304.7537171944089	2615.8306728730827	1
O	06	9	}:	1544.4230356223918	2613.7363861476015	1
O	06	10	E	1262.7646257394128	2561.2098619385342	1
O	06	11	A:	1075.4496340348326	2670.1154172621636	1
O	06	12	E	1879.0431400346276	2614.51551261705	1
O	06	13	@	1310.5674251455055	2638.8512952913097	1
O	06	14	a	1290.6964799485243	2798.202085760904	1
O	06	15	a	1052.6748238705268	2634.0443490762027	1
O	06	16	a	1221.4309935789793	2766.4320989145367	1
O	06	17	2:	1228.2008773715854	2559.2769742194414	1
O	06	18	I	2327.0469554486363	--undefined--	1
O	06	19	I	2316.200472594851	--undefined--	1
O	06	20	E	2123.009672681901	--undefined--	1
O	06	21	I	1944.5317759764814	2668.8724303425997	1
O	06	22	a	1414.7094862464476	2542.3349754468654	1
O	06	23	a	1336.032987936262	2583.187307345346	1
O	06	24	u:	895.190491346026	2498.9153121439012	1
O	06	25	u:	1459.750317503059	2443.4755165827078	1
O	06	26	e:	2158.3228032147595	2624.885327368316	1
O	06	27	a	1719.8773079466364	2632.9042344821105	1
O	06	28	e:	2184.456787672935	2687.8881018399675	1
O	06	29	O	1247.6555543474444	2583.455573087218	1
O	06	30	i:	1979.6532623725718	2709.1163522314764	1
O	06	31	O	1151.7962864839922	2616.1398107439272	1
O	06	32	a	913.282359766093	2738.6543724094145	1
O	06	33	a	1235.6266342321755	2869.747390479698	1
O	06	34	E:	1581.5439430955612	2456.493037350592	1
O	06	35	@	1941.0188088742377	2483.0605055256224	1
O	06	36	e:	1608.4199504584203	2375.149259022312	1
O	06	37	o:	907.6639959297927	2478.497956738408	1
O	06	38	@	1363.1466267877854	2810.2318395487714	1
O	06	39	a	1176.4612180638321	2588.5789238524353	1
O	06	40	i:	1772.075766664301	--undefined--	1
O	06	41	A:	1103.2937244762993	2669.5691064612774	1
O	06	42	@	1418.8685276929143	2726.3714260114702	1
O	06	43	a	1399.1135729428531	2657.2357813085196	1
O	06	44	a	1574.756937903478	2444.4533821776427	1
O	06	45	@	1567.7150435098463	2622.539497156429	1
O	06	46	2	1696.129393219499	2480.1174485220117	1
O	06	47	I	2137.3779685869017	2722.4951527799426	1
O	06	48	a	1114.5249384821418	2379.4724505199342	1
O	06	49	o:	858.5907663742236	2592.211542407103	1
O	06	50	E:	1435.895633337226	2279.8127237772446	1
O	06	51	@	1523.7137311659103	2734.2408995976302	1
O	06	52	a	1343.7938723990458	2538.3826805917856	1
O	06	53	u:	918.7063970258503	2570.614043682339	1
O	06	54	u:	788.2443980925552	2579.4036866437	1
O	06	55	u:	1377.923589087143	2452.4092736075436	1
O	06	56	e:	2064.247843438176	2521.6172239947155	1
O	06	57	a	1544.0031998314926	2398.691365683245	1
O	07	0	a	1226.7737340547012	2670.847072738572	1
O	07	1	I	2178.9763648734433	2730.7268268939138	1
O	07	2	a	1156.0826488845328	2378.248983553608	1
O	07	3	u	941.4290161241202	2446.4858482267296	1
O	07	4	I	2189.2640516207584	--undefined--	1
O	07	5	I	1935.3297520598064	2733.778947774138	1
O	07	6	E:	1492.9106406133587	2584.3992519039284	1
O	07	7	Y	2152.798361034223	2382.255347834862	1
O	07	8	E	1839.1499568704533	--undefined--	1
O	07	9	i:	1907.4814345204916	--undefined--	1
O	07	10	E:	1545.6221787978739	2355.588241967999	1
O	07	11	E	2135.02697520341	--undefined--	1
O	07	12	e:	1899.3002875392933	2548.4876418929707	1
O	07	13	I	1824.189922448522	2108.3483819817125	1
O	07	14	2:	1445.4713043019397	2624.918938926393	1
O	07	15	i:	2018.0109512685258	2555.2026106616795	1
O	07	16	E	1287.5642615512845	2531.515469250375	1
O	07	17	E:	1029.8184813373434	2405.921017799109	1
O	07	18	I	1940.4414035078598	2534.396077238668	1
O	07	19	u	1364.4733674255347	2335.930778323914	1
O	07	20	a	1303.9392104760684	2324.7984096082423	1
O	07	21	u:	796.2691703648476	2527.8859705470127	1
O	07	22	@	1325.9792379183734	2763.9709605468734	1
O	08	0	e:	2096.920935527516	--undefined--	1
O	08	1	e:	1977.972273828056	--undefined--	1
O	08	2	@	1736.4071447147987	2608.793234925104	1
O	08	3	I	2326.0626962542956	--undefined--	1
O	08	4	@	2153.6495527076363	2558.28792120372	1
O	08	5	a	1191.1925101977731	2336.042192811515	1
O	08	6	E	1970.5916971879142	2592.6626022304813	1
O	08	7	@	1768.4013574007113	2561.2865438522435	1
O	08	8	u:	807.5701730417032	2519.5376351465366	1
O	08	9	I	1642.3331893897669	2712.8385041811393	1
O	09	0	a	1343.046701855878	2704.179772990861	1
O	09	1	i:	1827.964359894411	--undefined--	1
O	09	2	I	1837.804384524422	--undefined--	1
O	09	3	I	2187.7177173512587	2533.9006187721793	1
O	09	4	I	2377.7688165191817	--undefined--	1
O	09	5	a	1682.1354938635598	2565.761874418466	1
O	09	6	E	1937.530738182537	2803.6865357278334	1
O	09	7	@	1923.6312441298744	2873.4163052238637	1
O	09	8	o:	747.0212481452685	2503.5437947883142	1
O	09	9	a	859.5318598157321	2517.4889338884177	1
O	09	10	E	1598.3484126465185	2631.340730846223	1
O	09	11	u:	774.9030374109489	2385.4539557337416	1
O	09	12	u	1126.2133386209944	2418.2505643851955	1
O	09	13	a	1352.3303462828537	2665.2510666133776	1
O	09	14	E	1552.5224852454764	2614.2432360555836	1
O	09	15	O	1325.0534563458637	2530.579298527201	1
O	09	16	i:	1851.6528907359216	2616.8259968003613	1
O	09	17	@	1886.812549545446	--undefined--	1
O	09	18	E:	1363.4099520106079	2572.6921510260986	1
O	09	19	o:	1051.5858924739325	2352.6486587253394	1
O	09	20	E:	1693.5495374422896	2243.331827959465	1
O	09	21	a	1506.9940227215347	2395.3906014096146	1
O	09	22	a	1389.9555188159025	2413.2801314165604	1
O	09	23	a	1217.446500937526	2548.0858761264444	1
O	09	24	e:	1981.7438203969746	2608.2579824880404	1
O	10	0	E	1619.472131763167	--undefined--	1
O	10	1	y:	1779.5413307220624	--undefined--	1
O	10	2	O	1126.710531266922	2387.479208982044	1
O	10	3	E	1677.164751190088	2357.960740453993	1
O	10	4	A:	1260.0866584954902	2474.970978513109	1
O	10	5	a	1482.5005043570638	2505.8573407841413	1
O	10	6	O	934.730331801497	2642.88036796465	1
O	10	7	a	1346.7659829023003	--undefined--	1
O	10	8	A:	1151.4126332755993	2449.330065739141	1
O	10	9	e:	1968.0210301533764	2731.4935333832905	1
O	10	10	O	1239.0961673637864	2552.51472120811	1
O	10	11	2:	1106.4431300189226	2342.0227146570787	1
O	10	12	y:	1865.9200453169212	--undefined--	1
O	10	13	a	1622.4632170520542	--undefined--	1
O	10	14	u:	940.0096433991669	2398.111298909496	1
O	10	15	a	1410.560242330051	2372.808009247882	1
O	10	16	2:	1497.6558566032734	2263.4917427585415	1
O	10	17	I	1764.4514876837643	2341.0208264042335	1
O	10	18	a	1686.6709820507133	2475.0484778803925	1
O	10	19	o:	816.3826343680191	2535.8301045354037	1
O	10	20	A:	1042.2925332559694	2485.6954870475374	1
O	10	21	@	1552.0172456192174	2394.3306635571103	1
O	10	22	E	1888.78344832464	2606.752485881472	1
O	10	23	@	1554.8715365082753	2609.728814208293	1
O	10	24	a	1332.1192955148274	2556.457192471232	1
O	10	25	u:	922.8191669968602	2428.110882365024	1
O	10	26	u:	1536.6857864992492	2481.9381050328484	0
O	10	27	e:	2306.1467325823924	2596.5780100275133	1
O	10	28	a	1844.1077155614664	2554.4176447674217	1
O	10	29	e:	1997.3961466659525	--undefined--	1
O	10	30	O	1260.0477952631686	2556.818504206361	1
O	10	31	2:	1070.676486842044	2340.3991488231213	1
O	10	32	@	1710.9420448346532	2575.649294219534	1
O	10	33	I	2033.0328072956304	2394.6623305387743	1
O	10	34	i:	2003.1530603263632	--undefined--	1
O	10	35	I	2081.018732824583	--undefined--	1
O	10	36	a	1560.576145381854	2538.727772873911	1
O	10	37	u	1768.691111682603	2439.5846811472948	1
O	10	38	a	1236.6795290769162	2614.0878260389013	1
O	10	39	@	1699.3142276815802	2776.638385159419	1
O	10	40	E:	1515.532566514342	2680.3443600568235	1
O	10	41	a	1064.486599822667	2607.2387976901405	1
O	10	42	@	1291.7272113036047	2736.029763180041	1
O	10	43	E	1475.4522166439037	2709.4479679253823	1
